PeakF	MaxF	MinF	StartF	EndF	Inflec	PRR	Sound	Dur	BW	RangeF	TrendF
285.3	314	162	277	249	2	0	MM	1.05	152	1.938271605	1.112449799
279.9	709.7	142.8	142.8	709.7	0	0	WO	0.197	566.9	4.969887955	0.20121178
236.9	748.7	168.8	294	748.7	0	0	WO	0.165	579.9	4.43542654	0.392680646
102.3	320.2	41.3	136	200	0	0	LBA	3.369	278.9	7.753026634	0.68
102.3	307.5	30.6	101	185	0	0	BA	1.799	276.9	10.04901961	0.545945946
430.7	549.5	217.5	217.5	437	0	0	BLW	5.387	332	2.526436782	0.49771167
75.4	87.1	59.4	59.4	74	0	0	CRK	0.359	27.7	1.466329966	0.802702703
70	84.7	56.2	56.2	71	1	0	CRK	0.437	28.5	1.507117438	0.791549296
70	80.8	52.3	62	52	1	0	CRK	0.587	28.5	1.544933078	1.192307692
70	84.7	57.8	57.8	69	1	0	CRK	0.513	26.9	1.465397924	0.837681159
113	133.1	92.7	92.7	133.1	2	0	MM	1.571	40.4	1.435814455	0.69646882
269.2	374.2	135.8	135.2	350	0	0	PRR	1.302	238.4	2.755522828	0.386285714
123.8	151	104.3	104.3	130	3	0	MM	1.506	46.7	1.447746884	0.802307692
269.2	395.7	157.3	157.3	395.7	0	0	PRR	1.617	238.4	2.515575334	0.397523376
70	87.9	54.6	67	54.6	1	0	CRK	0.637	33.3	1.60989011	1.227106227
75.4	89.5	55.4	67	55.4	1	0	CRK	0.656	34.1	1.615523466	1.209386282
70	87.1	45.9	67	45.9	1	0	CRK	0.72	41.2	1.897603486	1.459694989
75.4	91.9	51.5	71	51.5	1	0	CRK	0.665	40.4	1.784466019	1.378640777
118.4	185.3	101.4	158	171	2	0	AM	0.464	83.9	1.827416174	0.923976608
123.8	167.9	90.3	167.9	90	1	0	GR	0.236	77.6	1.859357697	1.865555556
113	177.4	90.3	177.4	90	1	0	GR	0.213	87.1	1.964562569	1.971111111
102.3	177.4	80.8	177.4	80	1	0	GR	0.255	96.6	2.195544554	2.2175
102.3	161.6	79.2	161	79	1	0	GR	0.249	82.4	2.04040404	2.037974684
91.5	141	64.9	141	64	1	0	GR	0.31	76.1	2.17257319	2.203125
118.4	202.8	95	146	196	2	0	AM	0.395	107.8	2.134736842	0.744897959
721.4	1197.5	88.7	88	1197.5	2	0	TR	0.672	1108.8	13.5005637	0.07348643
672.9	1172.2	104.5	104	1172.2	2	0	TR	0.677	1067.7	11.21722488	0.088722061
705.2	1026.5	72.9	72	1026.5	2	0	TR	0.702	953.6	14.08093278	0.070141257
113	190.1	85.5	152	190	2	0	AM	0.656	104.6	2.223391813	0.8
705.2	1317.9	72.9	72	1317	2	0	TR	0.912	1245	18.0781893	0.054669704
662.1	1259	94.1	94.1	1259	2	0	TR	0.754	1164.9	13.37938363	0.074741859
662.1	1097.7	80.6	80	1097.7	2	0	TR	0.708	1017.1	13.6191067	0.072879657
979.8	1415.8	923	1187	923	1	0	NSH	0.627	492.8	1.533911159	1.286023835
656.8	1043.9	121	121	1043	2	0	TR	0.653	922.9	8.627272727	0.116011505
672.9	1093.2	94.1	94	1093	2	0	TR	0.643	999.1	11.61742827	0.08600183
958.2	1348.6	909.5	963	909	1	0	NSH	0.973	439.1	1.482792743	1.059405941
780.6	1052.9	107.5	107.5	1052.9	2	0	TR	0.676	945.4	9.794418605	0.102098965
672.9	1003.6	156.8	156.8	1003.6	2	0	TR	0.627	846.8	6.400510204	0.156237545
1286.6	1371	918.5	1259	918	1	0	NSH	1.041	452.5	1.492651062	1.371459695
694.4	909.5	107.5	107.5	909.5	2	0	TR	0.637	802	8.460465116	0.118196811
1103.6	1563.7	931.9	1129	931.9	2	0	NSH	0.902	631.8	1.677969739	1.21150338
419.9	537.6	318.1	430	417	14	0	SI	3.619	219.5	1.69003458	1.03117506
430.7	479.4	336	439	448	5	0	MSI	0.999	143.4	1.426785714	0.979910714
759	1205.2	147.9	147.9	1205.2	2	0	TR	0.65	1057.3	8.148749155	0.122718221
1265.1	1326.2	1035	1259	1035	1	0	NSH	0.745	291.2	1.281352657	1.216425121
640.6	752.7	380.8	752.7	380.8	0	0	DC	1.071	371.9	1.976628151	1.976628151
419.9	994.6	125.5	125.5	994.6	2	0	TR	0.617	869.1	7.925099602	0.126181379
721.4	896.1	134.4	134.4	896.1	3	0	TR	0.846	761.7	6.667410714	0.149983261
1232.8	1263.5	882.6	1201	882.6	1	0	NSH	0.836	380.9	1.431565828	1.360752323
646	757.2	367.4	757.2	367.4	0	0	DC	1.084	389.8	2.060968971	2.060968971
705.2	1035	161.3	161.3	1035	2	0	TR	0.637	873.7	6.416615003	0.155845411
699.8	828.9	152.3	152.3	828.9	2	0	TR	0.601	676.6	5.442547603	0.183737483
1238.2	1276.9	1111.1	1187	1111.1	1	0	NSH	0.516	165.8	1.149221492	1.068310683
635.2	743.7	452.5	743.7	452.5	0	0	DC	1.062	291.2	1.643535912	1.643535912
656.8	1178.3	165.8	165.8	1178.3	2	0	TR	0.617	1012.5	7.106755127	0.140711194
1421.2	1460.6	967.8	1165	967.8	1	0	NSH	0.967	492.8	1.509196115	1.203761108
764.4	1021.5	385.3	669	385.3	1	0	NSH	1.381	636.2	2.651180898	1.736309369
446.8	474.9	219.5	219.5	474.9	1	0	AM	1.261	255.4	2.163553531	0.462202569
640.6	788.5	483.9	483.9	788.5	2	0	SSH	0.545	304.6	1.629468899	0.613696893
855.9	873.7	506.3	712	506.3	1	0	NSH	1.052	367.4	1.725656725	1.406280861
306.8	448	197.1	197.1	448	0	0	AM	1.23	250.9	2.272957889	0.439955357
597.5	797.5	376.4	797.5	376.4	1	0	SSH	0.496	421.1	2.118756642	2.118756642
646	797.5	479.4	645	479.4	1	0	NSH	1.045	318.1	1.663537756	1.34543179
317.6	506.3	206.1	206.1	506.3	0	0	AM	1.372	300.2	2.456574478	0.407070907
839.8	873.7	362.9	748	362.9	1	0	NSH	0.819	510.8	2.407550289	2.061173877
366.1	430.1	156.8	156.8	430.1	1	0	AM	1.339	273.3	2.742984694	0.36456638
140	190.1	120.4	190.1	166	1	0	VI	0.522	69.7	1.578903654	1.145180723
156.1	182.2	123.6	123.6	182.2	1	0	VI	0.401	58.6	1.474110032	0.678375412
183	258.2	134.6	177	199	0	0	TRR	1.503	123.6	1.918276374	0.889447236
91.5	102.3	77.1	77.1	102.3	1	0	MM	2.594	25.2	1.326848249	0.753665689
253	279.6	165.6	165.6	279.6	0	0	PRR	1.579	114	1.688405797	0.592274678
102.3	112.1	83	83	112.1	1	0	MM	2.189	29.1	1.35060241	0.740410348
258.4	319.7	155.3	155.3	319.7	0	0	PRR	1.894	164.4	2.058596265	0.485767907
59.2	70.8	44	61	44	0	0	CRK	0.813	26.8	1.609090909	1.386363636
53.8	67.6	38.5	54	38.5	1	0	CRK	0.753	29.1	1.755844156	1.402597403
53.8	69.2	40.1	57	40.1	1	0	CRK	0.66	29.1	1.725685786	1.421446384
53.8	65.3	39.3	55	39.3	0	0	CRK	0.674	26	1.661577608	1.399491094
317.6	408.5	281.7	351	408.5	0	0	WO	0.129	126.8	1.450124246	0.859241126
113	143.5	92.3	143.5	143.5	0	0	GR	0.229	51.2	1.554712893	1
113	143.5	86.8	143.5	86.8	0	0	GR	0.272	56.7	1.653225806	1.653225806
91.5	129	69	129	69	0	0	GR	0.327	60	1.869565217	1.869565217
86.1	141.3	69	141.3	69	0	0	GR	0.378	72.3	2.047826087	2.047826087
75.4	106.8	53.3	106.8	61.2	0	0	GR	0.278	53.5	2.003752345	1.745098039
70	94.6	50.4	94.6	56.7	0	0	GR	0.316	44.2	1.876984127	1.668430335
689.1	909.3	144.7	144.7	909.3	2	0	TR	0.555	764.6	6.284035936	0.159133399
613.7	1183	135.3	135.3	1183	2	0	TR	0.735	1047.7	8.74353289	0.114370245
678.3	1179.9	107	107	1179.9	2	0	TR	0.697	1072.9	11.0271028	0.090685651
253	1179.2	146.8	146.8	1179.2	2	0	TR	0.758	1032.4	8.032697548	0.12449118
985.1	1125.8	173.5	173.5	1125.8	2	0	TR	0.699	952.3	6.488760807	0.154112631
656.8	1183.6	182.4	182.4	1183.6	2	0	GR	0.862	1001.2	6.489035088	0.154106117
1055.1	1415	930	930	1273	1	0	NSH	0.51	485	1.521505376	0.730557738
737.5	1192.5	275.9	275.9	1192.5	2	0	TR	0.582	916.6	4.322218195	0.231362683
963.6	1521.8	858.8	1072	858.8	1	0	NSH	1.313	663	1.772007452	1.248253377
253	983.4	155.7	155.7	983.4	2	0	TR	0.692	827.7	6.315992293	0.158328249
985.1	1641.9	903.3	903.3	961	1	0	NSH	1.757	738.6	1.817668549	0.939958377
360.7	1067.9	213.6	213.6	1067.9	2	0	TR	0.654	854.3	4.999531835	0.200018728
1060.5	1606.3	845.4	1246	845.4	1	0	NSH	1.482	760.9	1.900047315	1.473858529
473.7	578.5	427.2	525	521	14	0	SI	3.442	151.3	1.354166667	1.007677543
457.6	480.6	413.8	455	453	4	0	MSI	0.686	66.8	1.161430643	1.004415011
1157.4	1205.1	956.5	1048	956.5	1	0	NSH	1.11	248.6	1.259905907	1.095661265
613.7	770.9	443.6	736	443.6	1	0	DC	1.136	327.3	1.737826871	1.65915239
683.7	931.3	185.6	185.6	931.3	2	0	TR	0.718	745.7	5.017780172	0.199291313
925.9	1252.3	802.3	912	802.3	2	0	NSH	1.855	450	1.560887449	1.136731896
619.1	673.3	409	673.3	409	1	0	DC	1.372	264.3	1.646210269	1.646210269
1001.3	1066.6	349.3	349.3	1066.6	2	0	TR	0.679	717.3	3.053535643	0.327489218
1006.7	1170.5	808.6	878	808.6	1	0	NSH	1.306	361.9	1.44756369	1.085827356
662.1	770.9	418.5	770.9	418.5	3	0	DC	1.828	352.4	1.842054958	1.842054958
974.4	1429.8	850.8	850.8	952	1	0	NSH	0.953	579	1.680535966	0.893697479
963.6	981.7	601	736	601	4	0	NSH	1.156	380.7	1.63344426	1.224625624
349.9	383.9	223.4	223.4	308	1	0	AM	1.594	160.5	1.718442256	0.725324675
646	1010	569.5	1010	569.5	1	0	SSH	0.588	440.5	1.773485514	1.773485514
672.9	739.4	468.8	569.5	468.8	1	0	NSH	1.045	270.6	1.57721843	1.214803754
360.7	396.4	220.2	220.2	311	1	0	AM	1.632	176.2	1.800181653	0.708038585
646	717.4	459.4	717.4	459.4	0	0	SSH	0.385	258	1.56160209	1.56160209
500.6	830.7	427.9	830.7	427.9	2	0	NSH	1.012	402.8	1.941341435	1.941341435
312.2	393.3	236	236	343	1	0	AM	1.796	157.3	1.666525424	0.688046647
1146.6	1170.5	695.4	695.4	1010	1	0	SSH	0.621	475.1	1.683203911	0.688514851
339.1	393.3	166.8	166.8	242	1	0	AM	1.495	226.5	2.357913669	0.689256198
134.6	210.8	103.8	210.8	210.8	1	0	VI	0.601	107	2.030828516	1
161.5	205.8	103.8	205.8	155	2	0	VI	0.699	102	1.98265896	1.327741935
113	165.8	35.6	35.6	165.8	1	0	LBA	3.396	130.2	4.657303371	0.214716526
118.4	198	43.4	43.4	198	1	0	BA	2.251	154.6	4.562211982	0.219191919
285.3	293.7	170.2	255	263	2	0	MM	1.202	123.5	1.725616921	0.969581749
355.3	540.1	297.6	343	540.1	0	0	WO	0.183	242.5	1.814852151	0.63506758
349.9	537.8	308.6	354	537.8	0	0	WO	0.176	229.2	1.742709008	0.658237263
393	545.1	232.6	232.6	545.1	0	0	BLW	4.839	312.5	2.343508169	0.426710695
75.4	87.9	59	59	87.9	0	0	CRK	0.568	28.9	1.489830508	0.671217292
75.4	85	54.3	54.3	85	0	0	CRK	0.644	30.7	1.565377532	0.638823529
70	80.2	52.7	52.7	80.2	1	0	CRK	0.738	27.5	1.521821632	0.657107232
64.6	79.4	51.1	51.1	79.4	0	0	CRK	0.477	28.3	1.553816047	0.643576826
188.4	222.5	82.3	222.5	222.5	0	0	TRR	1.763	140.2	2.703523694	1
269.2	730	75.5	75.5	730	0	0	WO	0.332	654.5	9.668874172	0.103424658
1534.2	1615.6	1458.3	1615.6	1458.3	0	0	BW	0.194	157.3	1.107865323	1.107865323
96.9	324.1	75.5	75.5	324.1	0	0	WO	0.258	248.6	4.292715232	0.232952792
1641.9	2049.6	1478.5	2049.6	1743	1	0	BW	0.194	571.1	1.386269868	1.175903614
177.6	645	78.7	78.7	645	0	0	WO	0.438	566.3	8.195679797	0.122015504
1975.7	2226.2	1663	2226.2	1865	1	0	BW	0.231	563.2	1.338665063	1.193672922
215.3	503.4	53.5	53.5	503.4	0	0	WO	0.384	449.9	9.409345794	0.106277314
1604.2	2135	1571.8	2135	2135	1	0	BW	0.218	563.2	1.358315307	1
113	522.3	57.8	57.8	522.3	0	0	WO	0.483	464.5	9.03633218	0.110664369
1485.8	3696.7	1457.3	3696.7	3696.7	1	0	BW	0.221	2239.4	2.536677417	1
96.9	632.4	56.6	56.6	632.4	0	0	WO	0.398	575.8	11.17314488	0.089500316
1685	3623.4	1591.2	3623.4	3623.4	1	0	BW	0.185	2032.2	2.277149321	1
172.3	594.7	75.5	75.5	594.7	0	0	WO	0.283	519.2	7.876821192	0.126954767
1954.1	2853	1872.8	2853	2154	1	0	BW	0.208	980.2	1.523387441	1.324512535
215.3	638.7	72.4	72.4	638.7	0	0	WO	0.443	566.3	8.821823204	0.113355253
1690.4	2918.3	1566.8	2918.3	2918.3	1	0	BW	0.24	1351.5	1.862586163	1
215.3	497.1	75.5	75.5	497.1	0	0	WO	0.381	421.6	6.58410596	0.151880909
2648.6	2918.2	2115.8	2918.2	2918.2	1	0	BW	0.197	802.4	1.379241894	1
559.9	3788.3	531.7	654	3247	2	0	ASH	0.868	3256.6	7.124882453	0.201416692
2530.2	4047.4	2114.4	2114.4	2718	3	0	MW	1.152	1933	1.91420734	0.777924945
538.3	2265.4	478.3	818	2265.4	2	0	ASH	0.901	1787.1	4.736357934	0.361084135
2460.2	3524	1404.7	1404.7	2542	6	0	MW	1.198	2119.3	2.508720723	0.552596381
554.5	3417.4	507.3	667	3417.4	1	0	ASH	1.034	2910.1	6.736447861	0.19517762
1076.7	4090.3	1019.4	1019.4	3235	4	0	MW	1.048	3070.9	4.012458309	0.31511592
586.8	3914.1	528.6	654	2731	2	0	ASH	1.109	3385.5	7.404653802	0.239472721
559.9	863.4	502.1	771	800	35	0	E	5.21	361.3	1.719577773	0.96375
236.9	270.7	211.8	241	231	9	0	SI	2.861	58.9	1.27809254	1.043290043
242.2	272.6	206.6	220	246	5	0	MSI	1.487	66	1.31945789	0.894308943
328.4	356.9	154.4	154.4	317	1	0	AM	1.432	202.5	2.311528497	0.487066246
134.6	153.5	78.6	78.6	78.6	2	0	VI	0.517	74.9	1.952926209	1
113	154.4	98	125	98	2	0	VI	0.527	56.4	1.575510204	1.275510204
376.8	391.1	158.1	158.1	306	1	0	AM	1.302	233	2.473750791	0.516666667
113	166.4	94.3	120	131	2	0	VI	0.481	72.1	1.764581124	0.916030534
140	153.5	87.8	119	140	2	0	VI	0.582	65.7	1.748291572	0.85
236.9	379.1	157.2	157.2	291	1	0	AM	1.357	221.9	2.411577608	0.540206186
86.1	155.3	75.8	102	95	2	0	VI	0.564	79.5	2.048812665	1.073684211
123.8	154.4	75.8	109	96	2	0	VI	0.536	78.6	2.036939314	1.135416667
118.4	195.1	59.2	59.2	195.1	0	0	LBA	2.346	135.9	3.295608108	0.303434136
123.8	218.2	62.9	62.9	218.2	0	0	BA	1.182	155.3	3.46899841	0.288267644
258.4	354.3	171.3	215	311	2	0	AM	1.229	183	2.068301226	0.691318328
376.8	681.2	223.6	223.6	681.2	0	0	WO	0.213	457.6	3.046511628	0.328244275
290.7	716.5	235.4	235.4	716.5	0	0	WO	0.287	481.1	3.04375531	0.328541521
258.4	362.2	154.3	181	264	2	0	AM	1.256	207.9	2.347375243	0.685606061
236.9	601.5	197.4	197.4	601.5	0	0	WO	0.222	404.1	3.047112462	0.328179551
328.4	829	268	268	829	0	0	WO	0.259	561	3.093283582	0.323281062
312.2	330.8	156.9	191	330.8	1	0	AM	1.274	173.9	2.108349267	0.57738815
414.5	805	199.6	199.6	805	0	0	WO	0.231	605.4	4.033066132	0.247950311
328.4	621.9	312.1	312.1	621.9	0	0	WO	0.295	309.8	1.992630567	0.501849172
441.4	629.3	217.3	217.3	629.3	0	0	BLW	3.658	412	2.895996318	0.345304306
75.4	95.2	65.2	65.2	95.2	0	0	CRK	0.392	30	1.460122699	0.68487395
75.4	84.5	64.5	64.5	84.5	0	0	CRK	0.386	20	1.310077519	0.763313609
75.4	83.7	60	60	60	1	0	CRK	0.542	23.7	1.395	1
70	81.9	49.3	67	49.3	1	0	CRK	0.614	32.6	1.661257606	1.359026369
118.4	131.1	102.2	102.2	120	0	0	MM	1.293	28.9	1.282778865	0.851666667
290.7	393.8	204.9	204.9	393.8	0	0	PRR	1.594	188.9	1.921913128	0.520314881
118.4	134.1	106	116	118	2	0	MM	1.384	28.1	1.26509434	0.983050847
328.4	392.3	214.5	214.5	392.3	0	0	PRR	1.867	177.8	1.828904429	0.546775427
70	84.5	45.9	84.5	45.9	0	0	CRK	0.79	38.6	1.840958606	1.840958606
70	85.9	44.5	85.9	44.5	0	0	CRK	0.679	41.4	1.930337079	1.930337079
64.6	80.8	44.5	80.8	44.5	0	0	CRK	0.778	36.3	1.815730337	1.815730337
70	79.3	39.3	79.3	39.3	0	0	CRK	0.725	40	2.017811705	2.017811705
91.5	107.9	79.6	88	90	3	0	MM	2.652	28.3	1.355527638	0.977777778
172.3	225.3	121.5	121.5	121.5	0	0	TRR	1.861	103.8	1.854320988	1
118.4	192.6	93.4	150	192.6	2	0	AM	0.382	99.2	2.062098501	0.778816199
716	1034.3	243	243	1034.3	2	0	TR	0.65	791.3	4.256378601	0.234941506
716	1123.2	168.9	168.9	1123.2	2	0	TR	0.613	954.3	6.65008881	0.150373932
748.3	1075.8	213.4	213.4	1075.8	2	0	TR	0.545	862.4	5.041237113	0.198364008
183	197	115.3	115.3	197	1	0	AM	0.533	81.7	1.708586297	0.585279188
118.4	142.5	101.6	142.5	142.5	0	0	GR	0.167	40.9	1.402559055	1
118.4	144.6	93.3	144.6	93.3	0	0	GR	0.186	51.3	1.549839228	1.549839228
102.3	124.7	83.8	124.7	124.7	0	0	GR	0.163	40.9	1.488066826	1
107.7	129.9	85.9	129.9	85.9	0	0	GR	0.182	44	1.512223516	1.512223516
86.1	123.6	70.2	123.6	70.2	0	0	GR	0.231	53.4	1.760683761	1.760683761
96.9	172.9	80.7	127	146	2	0	AM	0.398	92.2	2.142503098	0.869863014
102.3	139.4	74.4	139.4	74.4	0	0	GR	0.212	65	1.873655914	1.873655914
96.9	157.2	77.5	157.2	77.5	0	0	GR	0.228	79.7	2.028387097	2.028387097
91.5	147.7	72.3	147.7	72.3	0	0	GR	0.242	75.4	2.042876902	2.042876902
96.9	145.6	72.3	145.6	72.3	0	0	GR	0.235	73.3	2.013831259	2.013831259
80.7	131	67.1	131	67.1	0	0	GR	0.261	63.9	1.952309985	1.952309985
107.7	175.6	88.9	131	175.6	1	0	AM	0.439	86.7	1.975253093	0.746013667
716	1078.8	204.5	204.5	1078.8	2	0	TR	0.841	874.3	5.275305623	0.189562477
721.4	1356.7	171.3	171.3	1356.7	2	0	TR	0.582	1185.4	7.920023351	0.126262254
726.7	1131.5	156.4	156.4	1131.5	2	0	TR	0.587	975.1	7.234654731	0.138223597
1232.8	1359.7	935.9	1120	935.9	1	0	NSH	0.826	423.8	1.452826157	1.19670905
726.7	1018.9	153.5	153.5	1018.9	2	0	TR	0.577	865.4	6.637785016	0.150652665
742.9	941.8	156.4	156.4	941.8	2	0	TR	0.554	785.4	6.02173913	0.166064982
1178.9	1410.1	844	995	844	1	0	NSH	0.974	566.1	1.670734597	1.178909953
737.5	980.3	162.4	162.4	980.3	2	0	TR	0.555	817.9	6.036330049	0.165663572
726.7	805.5	177.2	177.2	805.5	2	0	TR	0.555	628.3	4.545711061	0.219987585
1475	1496	956.6	1194	956.6	1	0	NSH	1.131	539.4	1.563872047	1.248170604
656.8	972.1	118.5	118.5	972.1	2	0	TR	0.573	853.6	8.203375527	0.121901039
716	945.4	204.5	204.5	945.4	2	0	TR	0.577	740.9	4.622982885	0.216310556
1189.7	1345.5	847.6	847.6	847.6	1	0	NSH	1.016	497.9	1.587423313	1
748.3	775.4	285	775.4	285	0	0	NSH	1.316	490.4	2.720701754	2.720701754
366.1	469.4	243.1	243.1	469.4	1	0	AM	1.33	226.3	1.930892637	0.517895185
737.5	775.4	561.6	775.4	561.6	0	0	SSH	0.665	213.8	1.380698006	1.380698006
1022.8	1043.6	247.3	838	247.3	1	0	NSH	2.134	796.3	4.219975738	3.388596846
371.4	448.5	238.9	238.9	373	1	0	AM	1.228	209.6	1.877354542	0.640482574
1248.9	1496.3	1047.8	1253	1047.8	1	0	SSH	0.623	448.5	1.428039702	1.195838901
753.7	880.2	293.4	750	293.4	1	0	NSH	1.52	586.8	3	2.556237219
349.9	461	222.1	222.1	394	1	0	AM	1.524	238.9	2.075641603	0.563705584
850.6	1010.1	544.9	872	544.9	1	0	SSH	0.868	465.2	1.85373463	1.600293632
452.2	959.8	427.5	959.8	427.5	0	0	DC	1.313	532.3	2.245146199	2.245146199
473.7	767	377.2	767	377.2	1	0	DC	1.306	389.8	2.03340403	2.03340403
592.2	788	364.6	788	364.6	0	0	DC	1.828	423.4	2.161272628	2.161272628
500.6	759.6	377.2	759.6	377.2	0	0	DC	1.509	382.4	2.01378579	2.01378579
134.6	151.5	112.9	112.9	134	2	0	MM	1.404	38.6	1.341895483	0.842537313
382.2	407.1	193.4	193.4	407.1	0	0	PRR	1.952	213.7	2.104963806	0.475067551
134.6	155.1	110.8	110.8	127	3	0	MM	1.3	44.3	1.399819495	0.872440945
312.2	410.3	195.1	195.1	410.3	0	0	PRR	1.874	215.2	2.10302409	0.475505728
70	79.2	43.4	58	43.4	1	0	CRK	0.783	35.8	1.824884793	1.33640553
75.4	82	39.9	64	39.9	1	0	CRK	0.856	42.1	2.055137845	1.604010025
64.6	76.3	39.9	52	39.9	1	0	CRK	0.765	36.4	1.912280702	1.303258145
70	79.9	39.1	61	39.1	1	0	CRK	0.771	40.8	2.043478261	1.560102302
150.7	170.1	100.8	132	140	2	0	AM	0.938	69.3	1.6875	0.942857143
441.4	695.5	386.2	386.2	695.5	0	0	WO	0.189	309.3	1.800880373	0.555283968
398.4	691.4	335.6	335.6	691.4	0	0	WO	0.194	355.8	2.060190703	0.485391958
107.7	210.3	95	142	210.3	2	0	AM	0.665	115.3	2.213684211	0.675225868
113	186	91	186	91	0	0	GR	0.266	95	2.043956044	2.043956044
123.8	184	97	184	97	0	0	GR	0.282	87	1.896907216	1.896907216
107.7	178.9	84.9	178.9	84.9	0	0	GR	0.307	94	2.107184923	2.107184923
107.7	172.9	84.9	172.9	84.9	0	0	GR	0.346	88	2.036513545	2.036513545
102.3	164.8	78.8	164.8	78.8	0	0	GR	0.316	86	2.091370558	2.091370558
102.3	170.8	74.8	170.8	74.8	0	0	GR	0.328	96	2.28342246	2.28342246
107.7	196.1	91	150	196.1	2	0	AM	0.658	105.1	2.154945055	0.764915859
349.9	936.1	242.6	242.6	936.1	2	0	TR	0.644	693.5	3.858615004	0.259160346
242.2	847.1	177.9	177.9	847.1	2	0	TR	0.495	669.2	4.761663856	0.210010624
209.9	934	127.4	127.4	934	2	0	TR	0.704	806.6	7.331240188	0.13640257
441.4	562	319.4	319.4	441	13	0	SI	3.553	242.6	1.759549155	0.724263039
436	562	323.5	323.5	425	3	0	MSI	0.999	238.5	1.737248841	0.761176471
656.8	1395	626.7	724	886	1	0	NSH	1.59	768.3	2.225945428	0.817155756
581.4	679.3	481.2	679.3	481.2	0	0	DC	1.143	198.1	1.411679135	1.411679135
651.4	820.8	202.2	202.2	820.8	2	0	TR	0.532	618.6	4.059347181	0.246345029
753.7	1532.5	735.9	735.9	735.9	1	0	NSH	1.724	796.6	2.082484033	1
597.5	642.9	509.5	642.9	509.5	0	0	DC	0.81	133.4	1.261825319	1.261825319
726.7	1172.6	177.9	177.9	1172.6	2	0	TR	0.562	994.7	6.591343451	0.15171414
748.3	1423.3	501.4	501.4	914	1	0	NSH	1.646	921.9	2.838651775	0.548577681
576	788.5	485.2	788.5	485.2	0	0	DC	0.921	303.3	1.62510305	1.62510305
694.4	934	586.3	638	586.3	1	0	SSH	0.617	347.7	1.593041105	1.088180113
651.4	768.3	416.5	704	416.5	1	0	NSH	1.645	351.8	1.844657863	1.69027611
301.5	444.8	222.4	222.4	408	0	0	AM	1.544	222.4	2	0.545098039
689.1	740	533.7	740	533.7	0	0	SSH	0.464	206.3	1.386546749	1.386546749
672.9	756.1	311.3	708	311.3	0	0	NSH	1.388	444.8	2.428846772	2.27433344
403.7	465	230.5	230.5	380	1	0	AM	1.698	234.5	2.017353579	0.606578947
662.1	820.8	481.2	700	481.2	1	0	SSH	0.614	339.6	1.705735661	1.454696592
565.2	723.8	218.3	602	218.3	1	0	NSH	1.476	505.5	3.315620705	2.757672927
409.1	456.9	190	190	360	1	0	AM	1.538	266.9	2.404736842	0.527777778
678.3	744	521.6	647	521.6	1	0	SSH	0.738	222.4	1.426380368	1.24041411
376.8	408.9	205.9	205.9	408.9	0	0	AM	1.137	203	1.985915493	0.503546099
129.2	155.8	80.1	122	155.8	1	0	VI	0.611	75.7	1.945068664	0.783055199
102.3	148.7	67.2	119	148.7	1	0	VI	0.587	81.5	2.212797619	0.800268998
193.8	234.5	18.6	18.6	234.5	0	0	LBA	2.66	215.9	12.60752688	0.079317697
75.4	227.3	21.4	21.4	227.3	0	0	BA	1.441	205.9	10.62149533	0.094148702
414.5	581.5	277	277	581.5	0	0	BLW	4.323	304.5	2.099277978	0.476354256
75.4	90.1	50.8	50.8	90.1	0	0	CRK	0.5	39.3	1.773622047	0.56381798
64.6	70.8	47.2	47.2	47.2	1	0	CRK	0.388	23.6	1.5	1
64.6	76.5	45.7	45.7	76.5	0	0	CRK	0.474	30.8	1.673960613	0.597385621
64.6	74.3	47.2	47.2	47.2	1	0	CRK	0.489	27.1	1.574152542	1
161.5	274.5	22.9	132	152	0	0	TRR	2.198	251.6	11.98689956	0.868421053
274.5	380.5	155.5	155.5	380.5	0	0	AM	1.064	225	2.446945338	0.408672799
134.6	227.4	116	227.4	158	1	0	VI	0.529	111.4	1.960344828	1.439240506
129.2	239	113.7	239	148	1	0	VI	0.614	125.3	2.102022867	1.614864865
107.7	120.7	92.8	92.8	109	1	0	MM	1.7	27.9	1.300646552	0.851376147
274.5	420	155.5	155.5	420	0	0	PRR	1.75	264.5	2.70096463	0.370238095
107.7	125.3	91.6	91.6	125.3	1	0	MM	2.064	33.7	1.36790393	0.731045491
323	417.6	179.8	179.8	417.6	0	0	PRR	1.907	237.8	2.322580645	0.430555556
64.6	74.2	48.1	63	48.1	1	0	CRK	0.586	26.1	1.542619543	1.30977131
59.2	73.7	45.8	61	45.8	1	0	CRK	0.605	27.9	1.609170306	1.331877729
59.2	72.5	42.3	59	42.3	0	0	CRK	0.702	30.2	1.713947991	1.394799054
59.2	66.7	40	56	40	1	0	CRK	0.739	26.7	1.6675	1.4
161.5	229.7	64	174	177	0	0	TRR	1.58	165.7	3.5890625	0.983050847
140	211.6	120.7	154	211.6	1	0	AM	0.56	90.9	1.753106877	0.72778828
96.9	110.8	81.8	100	110.8	1	0	GR	0.285	29	1.354523227	0.902527076
96.9	113.7	87	102	113.7	1	0	GR	0.263	26.7	1.306896552	0.897097625
102.3	120.7	89.3	107	120.7	1	0	GR	0.295	31.4	1.35162374	0.886495443
96.9	111.9	80	80	111.9	0	0	GR	0.244	31.9	1.39875	0.714924039
96.9	113.7	89.3	113.7	113.7	1	0	GR	0.291	24.4	1.273236282	1
129.2	213.3	111.6	138	213.3	1	0	AM	0.661	101.7	1.911290323	0.64697609
791.3	935.2	180.5	180.5	935.2	2	0	TR	0.669	754.7	5.181163435	0.193006843
269.2	938.4	144.4	144.4	938.4	2	0	TR	0.632	794	6.498614958	0.153878943
802.1	1059.8	124.7	124.7	1059.8	2	0	TR	0.587	935.1	8.498797113	0.11766371
263.8	1046.7	170.6	170.6	1046.7	2	0	TR	0.619	876.1	6.135404455	0.16298844
231.5	264.5	187.9	187.9	232	10	0	SI	3.048	76.6	1.407663651	0.809913793
209.9	248.3	183.3	248.3	248.3	1	0	MSI	0.81	65	1.354609929	1
850.6	1396.8	658.9	658.9	1007	1	0	NSH	1.071	737.9	2.119896798	0.654319762
802.1	965.2	640.4	965.2	640.4	0	0	DC	1.206	324.8	1.507183011	1.507183011
317.6	1136.9	199.5	199.5	1136.9	2	0	TR	0.563	937.4	5.698746867	0.175477175
1458.9	1494.2	714.6	714.6	933	1	0	NSH	1.528	779.6	2.090959978	0.765916399
732.1	774.9	524.4	705	524.4	0	0	DC	1.076	250.5	1.477688787	1.344393593
317.6	886.3	185.6	185.6	886.3	2	0	TR	0.619	700.7	4.775323276	0.209409906
845.2	1498.8	765.7	821	765.7	1	0	NSH	1.815	733.1	1.957424579	1.072221497
586.8	719.3	468.7	719.3	468.7	0	0	DC	1.034	250.6	1.534670365	1.534670365
845.2	1596.3	802.8	802.8	1026	1	0	NSH	0.942	793.5	1.988415546	0.78245614
807.5	1095.1	343.4	664	343.4	1	0	NSH	1.163	751.7	3.188992429	1.933605125
393	459.4	245.9	316	376	2	0	AM	1.424	213.5	1.868239122	0.840425532
995.9	1085.9	617.2	1044	617.2	1	0	SSH	0.705	468.7	1.759397278	1.691510045
904.4	923.4	426.9	733	426.9	1	0	NSH	1.397	496.5	2.16303584	1.717029749
393	529	245.9	302	348	1	0	AM	1.449	283.1	2.151281009	0.867816092
1049.7	1081.2	621.8	937	621.8	2	0	SSH	0.797	459.4	1.738822773	1.506915407
823.6	923.4	259.9	687	259.9	1	0	NSH	1.542	663.5	3.552904963	2.643324356
393	454.8	236.7	236.7	362	1	0	AM	1.162	218.1	1.921419518	0.653867403
893.6	1123	580	664	580	1	0	SSH	0.745	543	1.936206897	1.144827586
140	201.9	46.4	46.4	201.9	0	0	LBA	3.278	155.5	4.351293103	0.229816741
107.7	201.9	44.1	44.1	201.9	0	0	BA	2.195	157.8	4.578231293	0.218424963
446.8	519.7	252.9	252.9	519.7	0	0	BLW	5.016	266.8	2.054962436	0.4866269
64.6	74.6	49.2	62	49.2	1	0	CRK	0.562	25.4	1.516260163	1.260162602
64.6	75.5	50	61	50	1	0	CRK	0.536	25.5	1.51	1.22
59.2	72.2	45.9	59	45.9	1	0	CRK	0.614	26.3	1.572984749	1.28540305
59.2	69.7	42.7	57	42	1	0	CRK	0.673	27	1.632318501	1.357142857
172.3	188.2	84	148	188.2	1	0	AM	0.923	104.2	2.24047619	0.78639745
258.4	1071.2	110	110	1071.2	2	0	TR	0.748	961.2	9.738181818	0.102688574
694.4	996	130.3	130.3	996	2	0	TR	0.711	865.7	7.643898695	0.130823293
726.7	1079.9	89.8	89.8	1079.9	2	0	TR	0.721	990.1	12.02561247	0.083155848
102.3	199.8	92.6	153	199.8	1	0	AM	0.906	107.2	2.157667387	0.765765766
107.7	191.1	84	191.1	84	0	0	GR	0.251	107.1	2.275	2.275
107.7	196.9	84	196.9	84	0	0	GR	0.245	112.9	2.344047619	2.344047619
113	182.4	89.8	182.4	89.8	0	0	GR	0.24	92.6	2.031180401	2.031180401
129.2	202.7	95.5	202.7	95.5	0	0	GR	0.249	107.2	2.122513089	2.122513089
102.3	185.3	84	185.3	84	0	0	GR	0.231	101.3	2.205952381	2.205952381
102.3	156.3	69.5	156.3	69.5	0	0	GR	0.184	86.8	2.248920863	2.248920863
457.6	535.6	385.1	452	489	12	0	SI	3.45	150.5	1.390807582	0.924335378
215.3	263.5	188.2	223	229	4	0	MSI	1.192	75.3	1.40010627	0.973799127
802.1	1097.3	570.4	570.4	698	1	0	NSH	2.175	526.9	1.923737728	0.817191977
581.4	628.3	272.2	628.3	272.2	0	0	DC	0.725	356.1	2.308229243	2.308229243
802.1	1010.4	335.8	1010.4	335.8	0	0	SSH	0.656	674.6	3.008933889	3.008933889
689.1	1137.8	648.5	869	648.5	1	0	NSH	2.064	489.3	1.754510409	1.34001542
479.1	622.5	266.4	622.5	266.4	0	0	DC	0.855	356.1	2.336711712	2.336711712
672.9	700.6	379.3	700.6	379.3	0	0	SSH	0.587	321.3	1.847086739	1.847086739
586.8	1056.8	544.3	544.3	857	1	0	NSH	1.875	512.5	1.941576337	0.63512252
581.4	608	379.3	608	379.3	0	0	DC	0.882	228.7	1.602952808	1.602952808
699.8	799.1	396.6	799.1	396.6	2	0	SSH	0.674	402.5	2.01487645	2.01487645
317.6	341.6	191.1	191.1	341.6	0	0	AM	1.071	150.5	1.787545788	0.55942623
145.3	165	79.6	165	165	1	0	VI	0.707	85.4	2.072864322	1
140	153.4	89.8	153.4	153.4	1	0	VI	0.647	63.6	1.708240535	1
140	220	46.3	46.3	220	0	0	LBA	2.854	173.7	4.75161987	0.210454545
150.7	173.7	104.2	130	127	3	0	MSI	1.099	69.5	1.666986564	1.023622047
285.3	370.6	156.3	156.3	301	1	0	AM	1.348	214.3	2.371081254	0.519269103
312.2	1004.6	254.8	254.8	1004.6	0	0	WO	0.212	749.8	3.942700157	0.253633287
323	758.5	283.7	283.7	758.5	0	0	WO	0.222	474.8	2.673598872	0.374027686
479.1	628.3	194	194	628.3	0	0	BLW	4.059	434.3	3.238659794	0.308769696
75.4	87	57.3	72	57.3	1	0	CRK	0.347	29.7	1.518324607	1.256544503
80.7	87	57.3	71	57.3	1	0	CRK	0.411	29.7	1.518324607	1.239092496
70	82.9	53.2	68	53.2	1	0	CRK	0.476	29.7	1.558270677	1.278195489
107.7	141.3	91.1	91.1	141.3	2	0	MM	2.069	50.2	1.55104281	0.64472753
204.6	306.1	126.9	126.9	306.1	0	0	PRR	1.542	179.2	2.41213554	0.414570402
113	148.4	97.2	97.2	148.4	2	0	MM	2.014	51.2	1.526748971	0.654986523
269.2	405.4	139.2	139.2	405.4	0	0	PRR	1.662	266.2	2.912356322	0.343364578
70	80.9	46.1	64	46.1	1	0	CRK	0.619	34.8	1.754880694	1.388286334
64.6	72.7	49.1	62	49.1	1	0	CRK	0.48	23.6	1.480651731	1.262729124
64.6	77.8	45	64	45	1	0	CRK	0.582	32.8	1.728888889	1.422222222
791.3	868	384.9	577	384.9	1	0	NSH	1.776	483.1	2.255131203	1.499090673
403.7	417.6	172	172	417.6	0	0	AM	1.646	245.6	2.427906977	0.411877395
689.1	913.1	274.3	913.1	274.3	2	0	SSH	0.862	638.8	3.32883704	3.32883704
742.9	941.7	380.8	941.7	380.8	2	0	NSH	1.241	560.9	2.472951681	2.472951681
279.9	466.8	192.4	192.4	369	1	0	AM	1.659	274.4	2.426195426	0.521409214
581.4	757.5	266.1	757.5	266.1	2	0	SSH	0.953	491.4	2.846674183	2.846674183
678.3	941.7	380.8	941.7	380.8	2	0	SSH	0.993	560.9	2.472951681	2.472951681
403.7	421.7	200.6	200.6	328	1	0	AM	1.645	221.1	2.10219342	0.611585366
624.5	1027.7	413.5	1027.7	413.5	1	0	SSH	0.745	614.2	2.485368803	2.485368803
102.3	114.3	86.2	114.3	105	1	0	MM	2.678	28.1	1.325986079	1.088571429
258.4	361.3	137.6	137.6	361.3	0	0	PRR	1.607	223.7	2.625726744	0.380846942
96.9	120.1	75.6	75.6	120.1	1	0	MM	2.9	44.5	1.588624339	0.629475437
263.8	410.7	144.3	144.3	410.7	0	0	PRR	1.646	266.4	2.846153846	0.351351351
64.6	76.5	43.6	52	43.6	1	0	CRK	0.979	32.9	1.754587156	1.19266055
59.2	75.6	42.1	60	42.1	1	0	CRK	0.876	33.5	1.795724466	1.425178147
59.2	69.3	44.1	57	44.1	1	0	CRK	0.548	25.2	1.571428571	1.292517007
64.6	73.1	44.6	73.1	44.6	0	0	CRK	0.732	28.5	1.639013453	1.639013453
134.6	201.5	42.6	138	138	0	0	TRR	1.79	158.9	4.730046948	1
156.1	187.9	100.7	100.7	187.9	0	0	AM	0.59	87.2	1.865938431	0.535923363
96.9	130.8	68.8	130.8	68.8	0	0	GR	0.248	62	1.901162791	1.901162791
80.7	90.1	68.8	68.8	68.8	0	0	GR	0.235	21.3	1.309593023	1
80.7	94.9	63	63	63	0	0	GR	0.242	31.9	1.506349206	1
75.4	93	65.9	65.9	65.9	0	0	GR	0.216	27.1	1.411229135	1
75.4	90.1	49.4	49.4	49.4	0	0	GR	0.242	40.7	1.82388664	1
59.2	84.3	45.5	45.5	45.5	0	0	GR	0.274	38.8	1.852747253	1
166.9	180.2	90.1	128	180.2	1	0	AM	0.62	90.1	2	0.710321865
619.1	1032.9	186.3	186.3	1032.9	2	0	TR	0.771	846.6	5.544283414	0.18036596
570.6	865.8	112.3	112.3	865.8	2	0	TR	0.849	753.5	7.709706144	0.12970663
145.3	191.8	82.2	164	191.8	1	0	AM	0.751	109.6	2.333333333	0.855057351
624.5	1143	100.7	100.7	1143	2	0	TR	0.882	1042.3	11.35054618	0.088101487
581.4	1104.3	116.2	116.2	1104.3	2	0	TR	0.777	988.1	9.503442341	0.105225029
640.6	1088.8	604.4	1088.8	721	1	0	NSH	0.986	484.4	1.801455989	1.510124827
613.7	976.4	127.9	127.9	976.4	2	0	TR	0.476	848.5	7.634089132	0.130991397
549.1	813.7	139.5	139.5	813.7	2	0	TR	0.718	674.2	5.83297491	0.171439105
829	995.8	585.1	934	585.1	1	0	NSH	1.397	410.7	1.701931294	1.596308323
597.5	658.7	399.1	585	399.1	1	0	DC	0.62	259.6	1.650463543	1.465798046
565.2	960.9	186	186	960.9	2	0	TR	0.574	774.9	5.166129032	0.19356853
597.5	697.4	201.5	960.9	697.4	2	0	TR	0.627	495.9	3.461042184	1.377831947
689.1	1131.4	650.9	650.9	1131.4	1	0	NSH	1.522	480.5	1.738208634	0.575304932
570.6	1053.9	189.9	189.9	1053.9	2	0	TR	0.646	864	5.549763033	0.180187874
936.7	1030.7	786.6	786.6	984	1	0	NSH	1.13	244.1	1.310322909	0.799390244
592.2	670.3	302.2	670.3	302.2	0	0	DC	1.202	368.1	2.218067505	2.218067505
845.2	922.2	480.5	922.2	480.5	1	0	SSH	0.732	441.7	1.91925078	1.91925078
446.8	577.3	368.1	368.1	446	15	0	SI	4.664	209.2	1.568323825	0.825336323
382.2	496	356.5	399	411	3	0	MSI	1.325	139.5	1.391304348	0.97080292
656.8	774.9	193.7	624	193.7	1	0	NSH	2.025	581.2	4.000516262	3.22147651
489.9	523.1	193.7	193.7	310	1	0	AM	1.75	329.4	2.700567888	0.62483871
549.1	1026.8	368.1	1026.8	368.1	0	0	SSH	0.659	658.7	2.789459386	2.789459386
613.7	1065.5	271.2	690	271.2	3	0	NSH	1.567	794.3	3.928834808	2.544247788
425.3	515.3	186	186	244	1	0	AM	1.999	329.3	2.770430108	0.762295082
559.9	1034.5	267.4	1034.5	267.4	1	0	SSH	0.79	767.1	3.868735976	3.868735976
656.8	697.4	201.5	597	201.5	1	0	NSH	1.182	495.9	3.461042184	2.962779156
409.1	441.7	197.6	197.6	310	1	0	AM	1.809	244.1	2.235323887	0.637419355
780.6	1007.4	286.7	1007.4	286.7	0	0	SSH	0.98	720.7	3.513777468	3.513777468
279.9	395.2	166.6	201	283	1	0	AM	1.79	228.6	2.37214886	0.71024735
161.5	189.9	108.5	170	189.9	1	0	VI	0.536	81.4	1.750230415	0.895208004
140	197.6	104.6	197.6	167	1	0	VI	0.745	93	1.889101338	1.183233533
96.9	204.4	23.2	54	102	0	0	LBA	3.547	181.2	8.810344828	0.529411765
91.5	184	13.6	48	99	0	0	BA	2.462	170.4	13.52941176	0.484848485
306.8	598.6	211	211	598.6	0	0	BLW	4.121	387.6	2.836966825	0.352489141
70	83.6	51.4	51.4	51.4	1	0	CRK	0.607	32.2	1.626459144	1
70	80.1	41.1	41.1	54	1	0	CRK	0.692	39	1.948905109	0.761111111
70	77.4	39.7	47	39.7	1	0	CRK	0.81	37.7	1.949622166	1.183879093
64.6	73.3	40.4	50	40.4	1	0	CRK	0.725	32.9	1.814356436	1.237623762
129.2	155	84.2	84.2	155	2	0	AM	1.522	70.8	1.840855107	0.543225806
274.5	385.9	215.4	215.4	385.9	0	0	WO	0.166	170.5	1.791550604	0.558175693
317.6	458.8	244.4	244.4	458.8	0	0	WO	0.185	214.4	1.877250409	0.532693984
113	132.6	93.2	93.2	114	2	0	MM	2.03	39.4	1.422746781	0.81754386
290.7	451.5	128.7	128.7	451.5	0	0	PRR	1.816	322.8	3.508158508	0.285049834
123.8	138.4	102.2	102.2	128	2	0	MM	1.567	36.2	1.354207436	0.7984375
333.8	445.3	134.9	134.9	445.3	0	0	PRR	2.208	310.4	3.300963677	0.302941837
64.6	74.7	50	57	50	1	0	CRK	0.745	24.7	1.494	1.14
64.6	70	42.8	55	42.8	1	0	CRK	0.706	27.2	1.635514019	1.285046729
59.2	67.2	44.1	53	44.1	1	0	CRK	0.784	23.1	1.523809524	1.201814059
59.2	66.3	42.2	51	42.2	1	0	CRK	0.81	24.1	1.571090047	1.208530806
113	145.7	102.5	102.5	129	1	0	AM	1.175	43.2	1.421463415	0.794573643
269.2	389.1	190.9	190.9	389.1	0	0	WO	0.274	198.2	2.038239916	0.490619378
290.7	420.4	260.3	260.3	420.4	0	0	WO	0.287	160.1	1.615059547	0.619172217
269.2	322.9	249.7	249.7	322.9	0	0	WO	0.196	73.2	1.293151782	0.773304429
107.7	155.2	93.3	126	148	2	0	AM	0.823	61.9	1.663451233	0.851351351
258.4	683	224.2	224.2	683	0	0	WO	0.277	458.8	3.046387154	0.328257687
113	138.8	100	100	100	0	0	GR	0.336	38.8	1.388	1
118.4	145.5	84.9	145.5	109	0	0	GR	0.339	60.6	1.713780919	1.334862385
107.7	123.9	78.7	78.7	98	0	0	GR	0.327	45.2	1.57433291	0.803061224
107.7	122.5	84.2	122.5	84.2	0	0	GR	0.196	38.3	1.454869359	1.454869359
91.5	112.8	73.8	112.8	73.8	0	0	GR	0.274	39	1.528455285	1.528455285
80.7	119	65.4	91	119	0	0	GR	0.202	53.6	1.819571865	0.764705882
113	196.9	94.5	132	196.9	1	0	AM	0.508	102.4	2.083597884	0.670391061
269.2	872.1	194.9	194.9	872.1	2	0	TR	0.651	677.2	4.47460236	0.223483545
231.5	878	220.5	220.5	878	2	0	TR	0.573	657.5	3.98185941	0.251138952
253	882	161.4	161.4	882	2	0	TR	0.601	720.6	5.464684015	0.182993197
909.8	1618.2	787.5	1039	787.5	1	0	NSH	0.947	830.7	2.054857143	1.319365079
710.6	968.6	192.9	192.9	968.6	2	0	TR	0.614	775.7	5.021254536	0.199153417
231.5	740.2	78.7	78.7	740.2	1	0	TR	0.785	661.5	9.405336722	0.106322616
716	1405.6	696.9	929	696.9	1	0	NSH	1.371	708.7	2.016932128	1.333046348
231.5	759.9	161.4	161.4	759.9	1	0	TR	0.646	598.5	4.708178439	0.212396368
263.8	913.5	189	189	913.5	2	0	TR	0.665	724.5	4.833333333	0.206896552
705.2	1397.7	570.9	1189	583	1	0	NSH	1.741	826.8	2.448239622	2.039451115
306.8	992.2	157.5	157.5	992.2	2	0	TR	0.596	834.7	6.29968254	0.158738158
716	945	74.8	74.8	945	2	0	TR	0.766	870.2	12.63368984	0.079153439
920.5	1460.7	712.7	1193	712.7	1	0	NSH	1.404	748	2.049529957	1.673916094
376.8	397.7	161.4	161.4	397.7	0	0	AM	1.08	236.3	2.464064436	0.405833543
166.9	185.1	106.3	106.3	185.1	1	0	VI	0.494	78.8	1.741298213	0.574284171
140	171.3	90.6	90.6	171.3	1	0	VI	0.462	80.7	1.890728477	0.528896673
80.7	235.8	39.3	79	235.8	0	0	LBA	1.302	196.5	6	0.335029686
150.7	196.5	55	55	196.5	0	0	BA	0.841	141.5	3.572727273	0.279898219
393	518.7	196.5	196.5	518.7	0	0	BLW	4.167	322.2	2.639694656	0.378831695
70	78.6	59.9	59.9	78.6	0	0	CRK	0.81	18.7	1.312186978	0.762086514
70	77.6	52.1	52.1	77.6	0	0	CRK	0.836	25.5	1.489443378	0.671391753
64.6	71.7	49.1	49.1	71.7	0	0	CRK	0.902	22.6	1.460285132	0.684797768
64.6	71.7	50.1	50.1	50.1	0	0	CRK	0.627	21.6	1.431137725	1
96.9	190.6	80.6	118	190.6	1	0	AM	0.587	110	2.364764268	0.619097587
834.4	954.8	167	167	954.8	2	0	TR	0.751	787.8	5.717365269	0.174905739
694.4	864.5	190.6	190.6	864.5	2	0	TR	0.62	673.9	4.53567681	0.220474263
699.8	962.7	200.4	200.4	962.7	2	0	TR	0.647	762.3	4.803892216	0.208164537
689.1	973	217.3	217.3	973	2	0	TR	0.653	755.7	4.477680626	0.223329908
430.7	914.7	178.4	178.4	914.7	2	0	TR	0.601	736.3	5.127242152	0.195036624
699.8	736.8	250.6	250.6	736.8	2	0	TR	0.562	486.2	2.940143655	0.340119435
1340.4	1357	881.8	881.8	944	1	0	NSH	1.006	475.2	1.538897709	0.934110169
667.5	1019.7	163.9	163.9	1019.7	1	0	TR	0.679	855.8	6.22147651	0.160733549
694.4	966.9	188.9	188.9	966.9	3	0	TR	0.705	778	5.11858126	0.195366636
1367.4	1379.7	940.7	1194	940.7	1	0	NSH	1.019	439	1.466673754	1.269267567
683.7	841.9	158.4	158.4	841.9	2	0	TR	0.679	683.5	5.315025253	0.188145861
678.3	866.9	163.9	163.9	866.9	2	0	TR	0.627	703	5.289200732	0.189064483
1001.3	1443.1	948.5	1188	948.5	1	0	NSH	1.019	494.6	1.521454929	1.252503954
683.7	875.2	169.5	169.5	875.2	2	0	TR	0.64	705.7	5.163421829	0.193670018
699.8	891.9	158.4	158.4	891.9	2	0	TR	0.653	733.5	5.630681818	0.177598385
1351.2	1466.1	1071.5	1235	1071.5	1	0	NSH	0.993	394.6	1.368268782	1.152589827
177.6	275.1	158.4	158.4	211	11	0	SI	3.488	116.7	1.736742424	0.7507109
150.7	236.2	138.9	138.9	186	3	0	MSI	1.149	97.3	1.70050396	0.746774194
269.2	1025.3	244.5	583	244.5	1	0	NSH	2.233	780.8	4.193456033	2.384458078
349.9	477.9	252.8	252.8	428	1	0	AM	1.228	225.1	1.890427215	0.590654206
683.7	861.3	352.9	352.9	861.3	2	0	TR	0.614	508.4	2.440634741	0.409729479
985.1	1114.2	264	745	264	1	0	NSH	2.09	850.2	4.220454545	2.821969697
371.4	422.3	241.7	241.7	422.3	0	0	AM	1.136	180.6	1.747207282	0.572341937
694.4	966.9	236.2	236.2	966.9	2	0	TR	0.614	730.7	4.093564776	0.244285862
306.8	1019.7	272.3	734	272.3	1	0	NSH	2.077	747.4	3.744766801	2.695556372
436	452.9	255.6	255.6	386	1	0	AM	1.123	197.3	1.771909233	0.662176166
995.9	1022.5	647.4	728	647.4	1	0	NSH	1.281	375.1	1.579394501	1.124497992
129.2	188	113.2	155	157	8	0	SI	3.067	74.8	1.660777385	0.987261146
145.3	168.2	111.3	134	168.2	2	0	MSI	1.037	56.9	1.511230907	0.79667063
269.2	408.3	183.1	183.1	332	1	0	AM	1.163	225.2	2.229929001	0.551506024
134.6	196.7	118	153	196.7	1	0	VI	0.36	78.7	1.666949153	0.777834265
123.8	199.4	101.7	130	199.4	1	0	VI	0.526	97.7	1.960668633	0.651955868
145.3	208.9	48.8	48.8	208.9	0	0	LBA	3.224	160.1	4.280737705	0.233604596
129.2	191.3	47.5	47.5	191.3	0	0	BA	2.171	143.8	4.027368421	0.248301098
301.5	341.8	169.6	169.6	341.8	0	0	AM	0.914	172.2	2.015330189	0.496196606
360.7	721.7	309.3	309.3	721.7	0	0	WO	0.212	412.4	2.333333333	0.428571429
360.7	700	305.3	305.3	700	0	0	WO	0.24	394.7	2.292826728	0.436142857
113	138.4	89.5	89.5	123	0	0	MM	1.681	48.9	1.546368715	0.727642276
317.6	406.9	142.4	142.4	406.9	0	0	PRR	1.681	264.5	2.85744382	0.349963136
129.2	142.4	105.8	105.8	126	0	0	MM	1.469	36.6	1.345935728	0.83968254
312.2	404.2	157.3	157.3	404.2	0	0	PRR	1.921	246.9	2.569612206	0.38916378
64.6	78.2	44.1	61	44.1	1	0	CRK	0.619	34.1	1.77324263	1.383219955
70	75.3	45.1	63	45.1	1	0	CRK	0.66	30.2	1.66962306	1.396895787
70	79.6	45.1	60	45.1	1	0	CRK	0.66	34.5	1.764966741	1.33037694
70	77.7	45.6	64	45.6	1	0	CRK	0.665	32.1	1.703947368	1.403508772
204.6	272.6	123.4	201	199	0	0	TRR	1.489	149.2	2.209076175	1.010050251
156.1	206.2	111.2	172	206.2	1	0	AM	0.614	95	1.854316547	0.83414161
134.6	169.6	123.4	169.6	123.4	0	0	GR	0.242	46.2	1.37439222	1.37439222
102.3	130.2	90.9	130.2	90.9	0	0	GR	0.307	39.3	1.432343234	1.432343234
96.9	131.6	80	131.6	80	0	0	GR	0.268	51.6	1.645	1.645
102.3	137	84.1	137	84.1	0	0	GR	0.274	52.9	1.62901308	1.62901308
86.1	134.3	70.5	134.3	70.5	0	0	GR	0.294	63.8	1.904964539	1.904964539
80.7	103.1	54.3	103.1	54.3	0	0	GR	0.229	48.8	1.898710866	1.898710866
118.4	213	103.1	163	213	1	0	AM	0.673	109.9	2.065955383	0.765258216
748.3	941.4	141.1	141.1	941.4	2	0	TR	0.771	800.3	6.671863926	0.149883153
662.1	930.5	116.7	116.7	930.5	2	0	TR	0.614	813.8	7.973436161	0.125416443
737.5	1081.9	168.8	168.8	1081.9	2	0	TR	0.634	913.1	6.40936019	0.156021813
107.7	214.8	92.1	157	214.8	1	0	AM	0.738	122.7	2.332247557	0.730912477
737.5	978.3	122.8	122.8	978.3	2	0	TR	0.829	855.5	7.966612378	0.125523868
732.1	1162.5	111.3	111.3	1162.5	2	0	TR	0.666	1051.2	10.44474394	0.095741935
759	901.6	134.3	134.3	901.6	2	0	TR	0.771	767.3	6.713328369	0.148957409
866.7	1365.8	836.4	986	836.4	1	0	NSH	0.647	529.4	1.632950741	1.178861789
269.2	1016.7	99.8	99.8	1016.7	2	0	TR	0.601	916.9	10.18737475	0.098160716
705.2	1101.1	149.6	149.6	1101.1	2	0	TR	0.686	951.5	7.360294118	0.135864136
1065.9	1515.4	832.5	1278	832.5	1	0	NSH	1.065	682.9	1.8203003	1.535135135
694.4	997.5	153.5	153.5	997.5	2	0	TR	0.562	844	6.498371336	0.153884712
1049.7	1707.3	705.9	705.9	705.9	1	0	NSH	1.483	1001.4	2.418614535	1
672.9	1120.3	165	165	1120.3	2	0	TR	0.594	955.3	6.78969697	0.147281978
1501.9	1580.7	886.2	886.2	982	1	0	NSH	0.98	694.5	1.783683142	0.902443992
602.9	752	391.3	752	391.3	0	0	DC	1.071	360.7	1.921799131	1.921799131
1049.7	1081.9	376	670	376	1	0	NSH	2.044	705.9	2.877393617	1.781914894
371.4	437.4	345.3	375	437.4	0	0	AM	0.921	92.1	1.266724587	0.85733882
683.7	759.6	525.6	678	525.6	1	0	SSH	0.647	234	1.445205479	1.289954338
1076.7	1097.3	326.1	578	326.1	1	0	NSH	2.266	771.2	3.364918737	1.772462435
398.4	429.7	241.2	241.2	360	1	0	AM	0.98	188.5	1.781509121	0.67
872.1	978.3	567.8	978.3	567.8	0	0	SSH	0.627	410.5	1.722965833	1.722965833
845.2	936.1	322.3	708	322.3	1	0	NSH	1.868	613.8	2.90443686	2.196711139
393	475.7	264.7	264.7	379	1	0	AM	1.411	211	1.797128825	0.698416887
829	869.2	544.8	777	544.8	1	0	SSH	0.712	324.4	1.595447871	1.426211454
156.1	224.3	137.8	181	177	13	0	SI	3.239	86.5	1.627721335	1.02259887
166.9	224.3	137.8	137.8	181	2	0	MSI	1.071	86.5	1.627721335	0.761325967
398.4	412.1	113.5	113.5	340	1	0	AM	1.398	298.6	3.630837004	0.333823529
129.2	160.8	104	128	160.8	1	0	VI	0.535	56.8	1.546153846	0.7960199
134.6	147.3	86.5	134	147.3	1	0	VI	0.548	60.8	1.702890173	0.909708079
188.4	202.7	41.9	41.9	202.7	0	0	LBA	2.952	160.8	4.837708831	0.206709423
118.4	221.6	52.7	52.7	221.6	0	0	BA	1.097	168.9	4.204933586	0.237815884
279.9	328.3	145.9	145.9	328.3	0	0	AM	1.319	182.4	2.25017135	0.4444106
279.9	864.7	159.4	159.4	864.7	0	0	WO	0.3	705.3	5.424717691	0.18434139
317.6	767.4	295.9	295.9	295.9	0	0	WO	0.274	471.5	2.593443731	1
441.4	576.9	204	204	576.9	0	0	BLW	5.225	372.9	2.827941176	0.353614145
75.4	85.1	60.8	60.8	85.1	0	0	CRK	0.275	24.3	1.399671053	0.714453584
70	81.1	58.8	58.8	70	0	0	CRK	0.405	22.3	1.379251701	0.84
70	81.1	46.6	61	46.6	1	0	CRK	0.588	34.5	1.740343348	1.309012876
70	79.7	45.9	66	45.9	1	0	CRK	0.509	33.8	1.736383442	1.437908497
113	128.4	97.4	97.4	106	0	0	MM	1.946	31	1.318275154	0.918867925
306.8	422.9	155.4	155.4	422.9	0	0	CRK	1.773	267.5	2.721364221	0.367462757
113	129	105.1	105.1	117	0	0	MM	1.28	23.9	1.227402474	0.898290598
349.9	423.2	177.7	177.7	423.2	0	0	PRR	2.247	245.5	2.381541925	0.41989603
70	78.3	43	62	43	1	0	CRK	0.875	35.3	1.820930233	1.441860465
70	78.3	44.9	66	44.9	1	0	CRK	0.77	33.4	1.743875278	1.469933185
70	76.4	40.1	57	40.1	1	0	CRK	0.928	36.3	1.905236908	1.421446384
75.4	84.1	43	68	43	1	0	CRK	0.823	41.1	1.955813953	1.581395349
107.7	194.6	89.2	138	194.6	1	0	AM	0.823	105.4	2.18161435	0.709146968
344.5	791.7	75.7	75.7	791.7	2	0	TR	0.836	716	10.45838838	0.095617027
231.5	1005.2	83.8	83.8	1005.2	2	0	TR	0.647	921.4	11.99522673	0.083366494
635.2	1018.7	70.3	70.3	1018.7	2	0	TR	0.764	948.4	14.49075391	0.069009522
113	197.3	89.2	143	197.3	1	0	AM	0.522	108.1	2.211883408	0.724784592
107.7	132.4	67.6	132.4	67.6	0	0	GR	0.18	64.8	1.958579882	1.958579882
118.4	137.8	82.4	137.8	82.4	0	0	GR	0.171	55.4	1.672330097	1.672330097
91.5	129.7	68.9	129.7	68.9	0	0	GR	0.213	60.8	1.882438316	1.882438316
113	143.2	82.4	143.2	82.4	0	0	GR	0.194	60.8	1.737864078	1.737864078
86.1	128.4	64.9	128.4	64.9	0	0	GR	0.245	63.5	1.978428351	1.978428351
86.1	128.4	60.8	128.4	60.8	0	0	GR	0.203	67.6	2.111842105	2.111842105
113	208.3	87.9	168	208.3	1	0	AM	0.797	120.4	2.369738339	0.806529045
640.6	864.7	97.3	97.3	864.7	2	0	TR	0.875	767.4	8.886947585	0.112524575
646	737.7	86.5	86.5	737.7	2	0	TR	0.757	651.2	8.528323699	0.117256337
635.2	833.1	99.4	99.4	833.1	2	0	TR	0.614	733.7	8.381287726	0.119313408
1308.1	1322.2	909.5	909.5	909.5	1	0	NSH	1.019	412.7	1.453765805	1
651.4	810.2	118.5	118.5	810.2	2	0	TR	0.64	691.7	6.837130802	0.146260183
624.5	856	87.9	87.9	856	2	0	TR	0.614	768.1	9.738339022	0.102686916
1114.3	1494.2	940.1	940.1	1112	1	0	NSH	1.189	554.1	1.589405382	0.845413669
231.5	779.6	95.5	95.5	779.6	1	1	TR	0.692	684.1	8.163350785	0.122498717
753.7	859.8	110.8	110.8	859.8	2	0	TR	0.587	749	7.759927798	0.128867178
1345.8	1719.7	913.3	913.3	1146	1	0	NSH	1.11	806.4	1.882951933	0.796945899
635.2	1024.2	91.7	91.7	1024.2	2	0	TR	0.706	932.5	11.16902944	0.089533294
1308.1	1574.5	1131.2	1353	1131.2	1	0	NSH	1.136	443.3	1.391884724	1.196074965
393	405.1	156.7	156.7	405.1	0	0	AM	1.698	248.4	2.585194639	0.38681807
662.1	676.4	508.3	608	508.3	1	0	SSH	0.522	168.1	1.330710211	1.196144009
312.2	882.8	156.7	780	156.7	1	0	NSH	1.202	726.1	5.633694959	4.977664327
393	439.5	145.2	145.2	439.5	0	0	AM	1.672	294.3	3.026859504	0.330375427
759	768.1	496.8	608	496.8	1	0	SSH	0.549	271.3	1.546095008	1.223832528
742.9	760.5	363	642	363	1	0	NSH	1.215	397.5	2.095041322	1.768595041
398.4	424.2	179.6	179.6	424.2	0	0	AM	1.515	244.6	2.361915367	0.423385196
678.3	703.2	596.2	627	596.2	1	0	SSH	0.666	107	1.179469977	1.051660517
118.4	139.5	103.9	103.9	124	2	0	MM	1.358	35.6	1.342637151	0.837903226
333.8	478.5	206.4	206.4	478.5	0	0	PRR	1.999	272.1	2.318313953	0.431347962
123.8	146.3	109.4	133	133	2	0	MM	1.162	36.9	1.337294333	1
274.5	453.9	175	175	453.9	0	0	PRR	1.842	278.9	2.593714286	0.385547477
64.6	75.2	39.6	55	39.6	1	0	CRK	0.809	35.6	1.898989899	1.388888889
64.6	73.8	36.9	57	36.9	1	0	CRK	0.731	36.9	2	1.544715447
64.6	76.6	36.9	49	36.9	1	0	CRK	0.823	39.7	2.075880759	1.327913279
70	77.9	38.3	59	38.3	1	0	CRK	0.692	39.6	2.033942559	1.540469974
134.6	173.6	106.6	106.6	173.6	2	0	AM	1.097	67	1.628517824	0.6140553
339.1	668.6	298	298	668.6	0	0	WO	0.209	370.6	2.243624161	0.445707448
425.3	680.9	377.3	377.3	680.9	0	0	WO	0.157	303.6	1.804664723	0.554119548
145.3	190	106.6	176	190	1	0	AM	0.784	83.4	1.782363977	0.926315789
145.3	177.7	112.1	177.7	112.1	0	0	GR	0.275	65.6	1.585191793	1.585191793
118.4	153.1	95.7	153.1	95.7	0	0	GR	0.261	57.4	1.599791014	1.599791014
118.4	154.5	90.2	154.5	90.2	0	0	GR	0.314	64.3	1.71286031	1.71286031
113	138.1	84.8	138.1	84.8	0	0	GR	0.293	53.3	1.628537736	1.628537736
96.9	125.8	73.8	125.8	73.8	0	0	GR	0.229	52	1.704607046	1.704607046
91.5	131.2	71.1	131.2	71.1	0	0	GR	0.229	60.1	1.845288326	1.845288326
80.7	120.3	62.9	120.3	62.9	0	0	GR	0.313	57.4	1.912559618	1.912559618
177.6	191.4	98.4	156	191.4	1	0	AM	0.751	93	1.945121951	0.815047022
737.5	968	139.5	139.5	968	2	0	TR	0.744	828.5	6.9390681	0.14411157
651.4	1050	117.6	117.6	1050	2	0	TR	0.68	932.4	8.928571429	0.112
716	1173	164.1	164.1	1173	2	0	TR	0.569	1008.9	7.148080439	0.139897698
113	194.1	93	153	194.1	1	0	AM	0.744	101.1	2.087096774	0.788253478
721.4	1036.3	120.3	120.3	1036.3	2	0	TR	0.868	916	8.614297589	0.116086075
748.3	959.8	136.7	136.7	959.8	2	0	TR	0.64	823.1	7.021214338	0.142425505
742.9	928.1	143.1	143.1	928.1	2	0	TR	0.823	785	6.485674354	0.154185971
1039	1450.1	978.3	1029	978.3	1	0	NSH	1.051	471.8	1.482265154	1.051824594
716	1175.6	154.7	154.7	1175.6	2	0	TR	0.574	1020.9	7.599224305	0.131592378
662.1	835.3	189.5	189.5	835.3	2	0	TR	0.62	645.8	4.407915567	0.2268646
1469.6	1492.7	955.1	1083	955.1	1	0	NSH	1.319	537.6	1.562872998	1.133912679
710.6	1187.2	162.4	162.4	1187.2	2	0	TR	0.666	1024.8	7.310344828	0.136792453
904.4	1504.3	630.3	901	630.3	1	0	NSH	1.47	874	2.386641282	1.429478026
226.1	293.9	170.1	170.1	232	13	0	SI	3.697	123.8	1.727807172	0.733189655
215.3	239.8	166.3	213	239.8	3	0	MSI	0.967	73.5	1.441972339	0.8882402
586.8	920.3	456.3	920.3	456.3	0	0	DC	1.476	464	2.016874863	2.016874863
995.9	1013.2	293.9	700	293.9	2	0	NSH	2.077	719.3	3.447431099	2.381762504
274.5	467.9	158.5	158.5	467.9	0	0	AM	1.358	309.4	2.952050473	0.338747596
764.4	877.8	541.4	541.4	541.4	1	0	SSH	0.64	336.4	1.62135205	1
796.7	1005.4	282.3	696	282.3	1	0	NSH	1.842	723.1	3.56145944	2.465462274
328.4	467.9	205	205	467.9	0	0	AM	1.391	262.9	2.282439024	0.438127805
678.3	827.5	537.5	568	661	1	0	SSH	0.699	290	1.539534884	0.859304085
656.8	812.1	259.1	665	259.1	1	0	NSH	1.358	553	3.134311077	2.566576611
339.1	456.3	170.1	170.1	456.3	0	0	AM	1.522	286.2	2.682539683	0.372781065
699.8	792.7	607.1	739	607.1	0	0	SSH	0.667	185.6	1.305715698	1.217262395
436	448.6	162.4	162.4	448.6	0	0	AM	1.163	286.2	2.762315271	0.362015158
113	169.5	100.5	134	169.5	1	0	VI	0.542	69	1.686567164	0.790560472
102.3	155.9	88.9	108	155.9	1	0	VI	0.614	67	1.753655793	0.692751764
161.5	220.1	38.3	38.3	220.1	0	0	LBA	2.861	181.8	5.746736292	0.174011813
161.5	246.1	53.3	53.3	246.1	0	0	BA	2.096	192.8	4.617260788	0.216578627
516.8	678.7	170.1	170.1	678.7	0	0	BLW	4.461	508.6	3.990005879	0.250626197
75.4	85.4	50.6	66	50.6	1	0	CRK	0.477	34.8	1.687747036	1.304347826
75.4	83.4	49.9	67	49.9	1	0	CRK	0.497	33.5	1.671342685	1.342685371
75.4	86.8	55.4	73	55.4	1	0	CRK	0.516	31.4	1.566787004	1.317689531
70	83.4	45.1	66	45.1	1	0	CRK	0.64	38.3	1.849223947	1.463414634
226.1	289.8	58.8	242	215.3	0	0	TRR	1.632	231	4.928571429	1.124013005
409.1	421.8	190.7	190.7	421.8	0	0	AM	1.11	231.1	2.211851075	0.452110005
150.7	180.1	85.6	116	180.1	1	0	VI	0.572	94.5	2.103971963	0.644086619
156.1	172.6	79.6	117	172.6	1	0	VI	0.729	93	2.168341709	0.677867903
123.8	154.6	103.6	103.6	154.6	6	0	MM	1.778	51	1.492277992	0.670116429
285.3	415.1	192.1	192.1	415.1	0	0	TRR	1.057	223	2.160853722	0.462780053
129.2	145.4	108.3	128	131	4	0	MM	1.46	37.1	1.342566944	0.977099237
398.4	449.9	264.1	264.1	449.9	0	0	PRR	2.073	185.8	1.703521393	0.587019338
96.9	109.3	74.3	85	74.3	1	0	CRK	0.545	35	1.471063257	1.144010767
86.1	103	63.7	63.7	87	1	0	CRK	0.526	39.3	1.616954474	0.732183908
86.1	93.4	73.2	73.2	93.4	0	0	CRK	0.37	20.2	1.275956284	0.78372591
91.5	99.8	66.9	79	66.9	1	0	CRK	0.587	32.9	1.491778774	1.180866966
161.5	172	110.4	110.4	172	1	0	AM	0.855	61.6	1.557971014	0.641860465
419.9	724	390.6	390.6	724	0	0	WO	0.129	333.4	1.853558628	0.539502762
441.4	622.1	360.9	360.9	622.1	0	0	WO	0.176	261.2	1.72374619	0.580131812
183	204.1	107.4	181	204.1	1	0	AM	0.665	96.7	1.900372439	0.886820186
134.6	155.7	114.4	155.7	114.4	0	0	GR	0.225	41.3	1.361013986	1.361013986
129.2	152.2	107.4	152.2	107.4	0	0	GR	0.157	44.8	1.417132216	1.417132216
123.8	146.9	100.3	146.9	100.3	0	0	GR	0.176	46.6	1.464606181	1.464606181
107.7	139.2	91.4	139.2	91.4	0	0	GR	0.222	47.8	1.52297593	1.52297593
91.5	120.9	79	120.9	79	0	0	GR	0.245	41.9	1.530379747	1.530379747
96.9	112.7	66.1	112.7	66.1	0	0	GR	0.282	46.6	1.704992436	1.704992436
188.4	213.6	108.4	174	192	1	0	AM	0.869	105.2	1.970479705	0.90625
710.6	981	410.4	410.4	981	1	0	TR	0.808	570.6	2.390350877	0.418348624
716	944.3	103.4	103.4	944.3	1	0	TR	0.638	840.9	9.132495164	0.1094991
769.8	804.2	130.1	130.1	804.2	1	0	TR	0.512	674.1	6.181398924	0.161775678
861.3	884.3	707.4	831	707.4	1	0	NSH	0.924	176.9	1.250070681	1.174724343
716	834.2	96.8	96.8	834.2	2	0	TR	0.642	737.4	8.617768595	0.116039319
716	907.6	90.1	90.1	907.6	2	0	TR	0.831	817.5	10.07325194	0.099272807
721.4	1254.7	704.1	1254.7	704.1	0	0	NSH	1.514	550.6	1.781991194	1.781991194
705.2	1064.5	100.1	100.1	1064.5	2	0	TR	0.679	964.4	10.63436563	0.094034758
220.7	914.3	83.4	83.4	914.3	1	0	TR	0.706	830.9	10.96282974	0.091217325
619.1	1264.7	570.6	1264.7	570.6	0	0	NSH	1.831	694.1	2.216438836	2.216438836
253	1147.9	163.5	163.5	1147.9	2	0	TR	0.577	984.4	7.020795107	0.14243401
220.7	890.9	90.1	90.1	890.9	2	0	TR	0.628	800.8	9.887902331	0.101133685
716	1254.7	533.9	1254.7	533.9	0	0	NSH	1.57	720.8	2.350065555	2.350065555
597.5	757.5	317	721	317	0	0	DC	1.542	440.5	2.389589905	2.27444795
193.8	297	166.8	166.8	237	15	0	SI	3.93	130.2	1.78057554	0.703797468
183	273.6	163.5	163.5	220	3	0	MSI	1.053	110.1	1.673394495	0.743181818
640.6	727.4	170.2	727.4	170.2	0	0	NSH	1.16	557.2	4.273795535	4.273795535
301.5	437.1	173.5	173.5	437.1	0	0	AM	1.626	263.6	2.519308357	0.39693434
479.1	687.4	317	687.4	317	0	0	SSH	0.596	370.4	2.168454259	2.168454259
414.5	447.1	186.9	186.9	380	0	0	AM	1.773	260.2	2.392188336	0.491842105
565.2	750.8	417.1	750.8	417.1	0	0	SSH	0.587	333.7	1.80004795	1.80004795
570.6	677.4	373.7	677.4	373.7	0	0	NSH	1.108	303.7	1.812683971	1.812683971
301.5	390.4	190.2	190.2	390.4	0	0	AM	1.127	200.2	2.052576236	0.487192623
662.1	814.2	403.8	814.2	403.8	0	0	SSH	0.877	410.4	2.016344725	2.016344725
140	250.3	73.4	73.4	250.3	0	0	LBA	2.337	176.9	3.410081744	0.293248102
118.4	283.6	60.1	60.1	283.6	0	0	BA	1.395	223.5	4.718801997	0.211918195
419.9	500.5	230.2	230.2	500.5	0	0	BLW	3.944	270.3	2.174196351	0.45994006
86.1	98.4	63.4	73	63.4	1	0	CRK	0.476	35	1.552050473	1.151419558
75.4	86.8	55.1	86.8	55.1	0	0	CRK	0.485	31.7	1.575317604	1.575317604
80.7	95.1	60.1	95.1	60.1	0	0	CRK	0.471	35	1.582362729	1.582362729
75.4	95.1	60.1	95.1	60.1	0	0	CRK	0.415	35	1.582362729	1.582362729
263.8	305.3	136.8	136.8	136.8	0	0	TRR	2.142	168.5	2.231725146	1
183	211.9	113.5	184	211.9	1	0	AM	0.784	98.4	1.866960352	0.86833412
215.3	987.7	160.2	160.2	987.7	2	0	TR	0.888	827.5	6.165418227	0.162194998
726.7	1194.6	100.1	100.1	1194.6	2	0	TR	0.679	1094.5	11.93406593	0.083793738
215.3	894.3	96.8	96.8	894.3	2	0	TR	0.758	797.5	9.238636364	0.108241082
129.2	168.6	107	158	107	1	0	MM	1.106	61.6	1.575700935	1.476635514
296.1	401.7	222.8	222.8	401.7	0	0	PRR	2.734	178.9	1.802962298	0.554642768
140	173	98.2	151	124	2	0	MM	1.071	74.8	1.761710794	1.217741935
306.8	398.8	225.8	225.8	398.8	0	0	PRR	2.716	173	1.766164748	0.566198596
53.8	64.5	35.2	48	35.2	1	0	CRK	1.175	29.3	1.832386364	1.363636364
53.8	64.5	33	50	33	1	0	CRK	1.032	31.5	1.954545455	1.515151515
48.4	63	34.5	45	34.5	1	0	CRK	1.254	28.5	1.826086957	1.304347826
48.4	63.8	30.8	45	30.8	1	0	CRK	0.98	33	2.071428571	1.461038961
209.9	302.7	151.4	220	228	0	0	TRR	2.217	151.4	1.999339498	0.964912281
134.6	219.8	105.7	178	187	1	0	AM	0.554	114	2.079470199	0.951871658
759	964.7	184.7	184.7	964.7	2	0	TR	1.016	780	5.223064429	0.191458485
253	976.4	164.2	164.2	976.4	2	0	TR	0.628	812.2	5.946406821	0.168168783
150.7	207.3	132.7	168	207.3	1	0	AM	0.425	74.6	1.562170309	0.810419682
145.3	230.1	99.5	230.1	99.5	0	0	GR	0.286	130.6	2.312562814	2.312562814
134.6	238.4	101.6	238.4	101.6	0	0	GR	0.286	136.8	2.346456693	2.346456693
118.4	230.1	74.6	230.1	74.6	0	0	GR	0.36	155.5	3.084450402	3.084450402
123.8	199	91.2	199	91.2	0	0	GR	0.369	107.8	2.182017544	2.182017544
123.8	192.8	89.2	192.8	89.2	0	0	GR	0.323	103.6	2.161434978	2.161434978
113	186.6	80.9	186.6	80.9	0	0	GR	0.369	105.7	2.306551298	2.306551298
134.6	197	109.9	197	109.9	0	0	GR	0.296	87.1	1.792538672	1.792538672
102.3	201.1	56	201.1	95	0	0	GR	0.48	145.1	3.591071429	2.116842105
102.3	197	68.4	197	95	0	0	GR	0.453	128.6	2.880116959	2.073684211
96.9	197	58.1	197	95	0	0	GR	0.49	138.9	3.39070568	2.073684211
96.9	190.7	56	190.7	83	0	0	GR	0.508	134.7	3.405357143	2.297590361
91.5	199	56	199	85	0	0	GR	0.499	143	3.553571429	2.341176471
86.1	194.9	53.9	194.9	85	0	0	GR	0.545	141	3.615955473	2.292941176
113	199.4	85	179	199.4	1	0	AM	0.679	114.4	2.345882353	0.897693079
775.2	812.8	170	170	812.8	2	0	TR	1.071	642.8	4.781176471	0.209153543
1173.6	1434.8	1115.5	1115.5	1149	1	0	NSH	0.522	319.3	1.286239355	0.970844212
193.8	991.1	161.7	161.7	991.1	2	0	TR	0.549	829.4	6.129251701	0.163152053
742.9	945.5	182.5	182.5	945.5	2	0	TR	1.123	763	5.180821918	0.193019566
1178.9	1434.8	1028.4	1028.4	1140	1	0	NSH	0.836	406.4	1.395176974	0.902105263
775.2	953.7	170	170	953.7	2	0	TR	0.588	783.7	5.61	0.178253119
699.8	837.6	178.3	178.3	837.6	2	0	TR	1.006	659.3	4.697700505	0.212870105
1205.9	1530.1	904	1062	904	1	0	NSH	1.489	626.1	1.692588496	1.174778761
452.2	1003.5	178.3	178.3	1003.5	2	0	TR	0.562	825.2	5.628154795	0.177678127
231.5	821.1	194.9	194.9	821.1	2	0	TR	1.032	626.2	4.212929708	0.237364511
1157.4	1434.8	1111.3	1211	1111.3	1	0	NSH	0.771	323.5	1.291100513	1.089714748
258.4	302.7	203.2	257	270	13	0	SI	4.389	99.5	1.489665354	0.951851852
253	311	215.6	249	245	2	0	MSI	0.888	95.4	1.442486085	1.016326531
726.7	815.1	539.5	539.5	633	1	0	NSH	1.633	275.6	1.510843373	0.852290679
452.2	516.1	340.1	340.1	516.1	0	0	AM	2.064	176	1.517494854	0.658980818
646	1038	527.8	1038	527.8	0	0	SSH	0.536	510.2	1.966654036	1.966654036
597.5	762.4	574.7	574.7	574.7	1	0	NSH	1.058	187.7	1.326605185	1
452.2	475	304.9	304.9	475	0	0	AM	2.181	170.1	1.557887832	0.641894737
543.7	1043.9	521.9	1043.9	521.9	0	0	SSH	0.666	522	2.000191608	2.000191608
452.2	510.2	334.3	334.3	510.2	0	0	AM	2.325	175.9	1.526174095	0.655233242
613.7	944.2	510.2	944.2	510.2	0	0	SSH	0.862	434	1.850646805	1.850646805
317.6	457.4	175.9	175.9	457.4	0	0	AM	1.45	281.5	2.600341103	0.384564932
134.6	234.6	61.6	61.6	234.6	1	0	VI	0.565	173	3.808441558	0.262574595
107.7	205.3	36.7	36.7	173	1	0	VI	0.822	168.6	5.59400545	0.212138728
134.6	226.8	41	41	226.8	0	0	LBA	2.845	185.8	5.531707317	0.180776014
123.8	165.3	32.2	32.2	165.3	0	0	BA	2.032	133.1	5.133540373	0.194797338
296.1	387.7	166.8	166.8	387.7	0	0	AM	1.145	220.9	2.324340528	0.430229559
312.2	500.3	305.8	500.3	305.8	0	0	WO	0.277	194.5	1.636036625	1.636036625
382.2	501.8	345.3	501.8	345.3	0	0	WO	0.259	156.5	1.453229076	1.453229076
301.5	394.3	276.7	328	357	2	0	MM	1.885	117.6	1.425009035	0.918767507
215.3	278.7	76.4	76.4	278.7	0	0	BA	1.736	202.3	3.647905759	0.274129889
344.5	373.7	325.6	325.6	345	2	0	MM	2.106	48.1	1.147727273	0.943768116
64.6	105.1	54	86	105.1	0	0	LBA	3.88	51.1	1.946296296	0.818268316
387.6	483.2	362	414	436	2	0	MM	1.7	121.2	1.33480663	0.949541284
215.3	283.2	73.7	73.7	283.2	0	0	BA	1.108	209.5	3.842605156	0.260240113
387.6	424.8	329.9	346	411	3	0	MM	1.81	94.9	1.287662928	0.841849148
215.3	351.8	83.2	83.2	351.8	0	0	BA	1.182	268.6	4.228365385	0.23649801
129.2	161.3	32.8	161.3	32.8	0	0	GR	0.638	128.5	4.917682927	4.917682927
150.7	151.3	29.2	151.3	29.2	0	0	GR	0.575	122.1	5.181506849	5.181506849
64.6	107.6	30.7	107.6	30.7	0	0	GR	0.653	76.9	3.504885993	3.504885993
172.3	183.9	35	183.9	35	0	0	GR	0.509	148.9	5.254285714	5.254285714
43.1	137	38.7	137	38.7	0	0	GR	0.485	98.3	3.54005168	3.54005168
43.1	119.3	30.7	119.3	30.7	0	0	GR	0.56	88.6	3.885993485	3.885993485
43.1	97.5	30.7	97.5	30.7	0	0	GR	0.52	66.8	3.175895765	3.175895765
624.5	796.9	499.6	499.6	518	1	0	HMM	1.093	297.3	1.595076061	0.964478764
1012.1	1721.9	904.3	904.3	1721.9	0	0	HSH	0.868	817.6	1.904124737	0.525175678
1141.3	1345.4	1093.6	1093.6	1345.4	0	0	HSQ	0.222	251.8	1.23024872	0.812843764
1119.7	1176.8	1061.2	1061.2	1176.8	0	0	HSQ	0.222	115.6	1.108933283	0.901767505
344.5	373.7	295.2	321	351	2	0	MM	1.911	78.5	1.265921409	0.914529915
193.8	289	169.3	220	215	0	0	LGO	3.14	119.7	1.707028943	1.023255814
323	373.7	295.2	295.2	358	2	0	MM	1.922	78.5	1.265921409	0.824581006
430.7	607	208.5	430	430	0	12	RA	0.404	398.5	2.911270983	1
452.2	615.2	198.2	452	452	0	12	RA	0.48	417	3.103935419	1
430.7	621.4	206.5	430	430	0	12	RA	0.498	414.9	3.009200969	1
409.1	627.6	198.2	409	409	0	12	RA	0.41	429.4	3.166498486	1
430.7	627.6	206.5	430	430	0	12	RA	0.546	421.1	3.039225182	1
258.4	623.5	204.4	258	258	0	12	RA	0.449	419.1	3.050391389	1
236.9	578.1	212.7	236	236	0	12	RA	0.462	365.4	2.717912553	1
516.8	621.4	220.9	516	516	0	10	RA	0.493	400.5	2.813037574	1
258.4	625.6	218.8	258	258	0	12	RA	0.462	406.8	2.859232176	1
301.5	621.4	216.8	301	301	0	12	RA	0.398	404.6	2.866236162	1
258.4	635.9	212.7	258	258	0	14	RA	0.499	423.2	2.989656794	1
344.5	433.3	300	300	433.3	2	0	MM	1.681	133.3	1.444333333	0.692360951
129.2	368.6	80.4	80.4	368.6	0	0	BA	0.721	288.2	4.584577114	0.218122626
344.5	456.8	319.6	319.6	456.8	3	0	MM	1.791	137.2	1.429286608	0.699649737
301.5	366.7	68.6	68.6	366.7	0	0	BA	0.684	298.1	5.34548105	0.187073902
86.1	109.8	25.5	109.8	25.5	0	0	GR	0.425	84.3	4.305882353	4.305882353
43.1	121.6	31.4	121.6	31.4	0	0	GR	0.517	90.2	3.872611465	3.872611465
86.1	131.4	52.9	131.4	52.9	0	0	GR	0.388	78.5	2.483931947	2.483931947
86.1	133.3	27.5	27.5	133.3	0	0	GR	0.499	105.8	4.847272727	0.206301575
86.1	127.4	35.3	35.3	127.4	0	0	GR	0.406	92.1	3.609065156	0.277080063
43.1	129.4	33.3	33.3	129.4	0	0	GR	0.499	96.1	3.885885886	0.257341577
43.1	135.3	25.5	25.5	135.3	0	0	GR	0.517	109.8	5.305882353	0.188470067
86.1	133.3	27.5	27.5	133.3	0	0	GR	0.573	105.8	4.847272727	0.206301575
43.1	207.8	25.5	25.5	207.8	0	0	GR	0.683	182.3	8.149019608	0.122714148
172.3	213.7	27.5	27.5	213.7	0	0	GR	0.61	186.2	7.770909091	0.128685073
344.5	439.2	298	359	439.2	1	0	MM	1.773	141.2	1.473825503	0.817395264
172.3	305.9	72.5	72.5	305.9	0	0	BA	0.997	233.4	4.219310345	0.237005557
344.5	394.1	298	347	394.1	1	0	MM	1.533	96.1	1.322483221	0.880487186
86.1	141.2	66.7	108	141.2	0	0	LBA	3.381	74.5	2.116941529	0.764872521
646	741.2	447	447	447	1	0	HMM	0.886	294.2	1.658165548	1
1550.4	1733.3	1333.3	1333.3	1733.3	0	0	HSH	0.739	400	1.3000075	0.769226331
1248.9	2815.6	1215.7	1215.7	2815.6	0	0	HSQ	0.388	1599.9	2.316031916	0.431772979
3488.4	4503.2	3405.1	3405.1	4115	0	0	BW	0.434	1098.1	1.322486858	0.827484812
3789.8	4603	3660.2	4603	3660.2	1	0	BW	0.213	942.8	1.257581553	1.257581553
3919	4625.2	3671.3	4625.2	3671.3	1	0	BW	0.471	953.9	1.25982622	1.25982622
3876	4481	3649.1	3649.1	4126	0	0	BW	0.37	831.9	1.227974021	0.884415899
4392.8	4536.4	4070.6	4536.4	4070.6	0	0	BW	0.416	465.8	1.114430305	1.114430305
3962.1	4126.1	3305.3	3305.3	4126.1	0	0	BW	0.314	820.8	1.248328442	0.801071229
3531.4	4481	3394	4481	4259	1	0	BW	0.406	1087	1.320271067	1.052124912
3574.5	4237	3416.2	4237	4082	0	0	BW	0.444	820.8	1.240266963	1.037971583
3445.3	4325.7	3294.2	3449	3294.2	1	0	BW	0.388	1031.5	1.3131261	1.046991682
387.6	391	305.9	305.9	391	0	0	MM	2.024	85.1	1.278195489	0.782352941
172.3	288.4	80.4	227	161	0	0	LGO	4.01	208	3.587064677	1.409937888
387.6	452	188.6	188.6	452	0	0	MM	2.508	263.4	2.396606575	0.417256637
430.7	585.1	221.8	430	430	0	20	RA	0.575	363.3	2.637962128	1
516.8	546.3	219.1	516	516	0	12	RA	0.301	327.2	2.493382017	1
516.8	590.6	216.3	516	516	0	20	RA	0.484	374.3	2.730466944	1
258.4	593.4	216.3	258	258	0	14	RA	0.457	377.1	2.743411928	1
516.8	604.5	221.8	516	516	0	14	RA	0.418	382.7	2.725428314	1
516.8	610	227.4	516	516	0	16	RA	0.392	382.6	2.682497801	1
301.5	601.7	219.1	301	301	0	18	RA	0.327	382.6	2.746234596	1
430.7	598.9	227.4	430	430	0	21	RA	0.326	371.5	2.633685136	1
516.8	585.1	221.8	516	516	0	21	RA	0.366	363.3	2.637962128	1
473.7	596.2	224.6	473	473	0	12	RA	0.249	371.6	2.654496883	1
516.8	607.3	221.8	516	516	0	18	RA	0.358	385.5	2.738052299	1
430.7	618.4	235.7	430	430	0	16	RA	0.445	382.7	2.623674162	1
371.4	408.8	330.3	355	384	1	0	MM	2.214	78.5	1.237662731	0.924479167
220.7	330.3	152.8	206	227	0	0	LGO	4.175	177.5	2.161649215	0.907488987
344.5	404.7	309.7	380	404.7	1	0	MM	2.204	95	1.306748466	0.938967136
393	681.3	194.1	194.1	194.1	0	0	RA	0.623	487.2	3.510046368	1
220.7	677.4	185.8	185.8	185.8	0	0	RA	0.556	491.6	3.645855759	1
220.7	677.4	189.9	189.9	189.9	0	0	RA	0.593	487.5	3.5671406	1
220.7	677.4	177.6	177.6	177.6	0	0	RA	0.204	499.8	3.814189189	1
220.7	677.4	181.7	181.7	181.7	0	0	RA	0.361	495.7	3.72812328	1
204.6	654	181.7	181.7	181.7	0	0	RA	0.658	472.3	3.599339571	1
209.9	630.7	179.6	179.6	179.6	0	0	RA	0.639	451.1	3.51169265	1
209.9	648.2	179.6	179.6	179.6	0	0	RA	0.565	468.6	3.609131403	1
209.9	665.7	175.5	175.5	175.5	0	0	RA	0.695	490.2	3.793162393	1
209.9	683.2	173.4	173.4	173.4	0	0	RA	0.583	509.8	3.940023068	1
215.3	654	171.4	171.4	171.4	0	0	RA	0.194	482.6	3.815635939	1
220.7	654	171.4	171.4	171.4	0	0	RA	0.306	482.6	3.815635939	1
780.6	811.7	460.4	460.4	518	1	0	HMM	0.839	351.3	1.763032146	0.888803089
1302.8	2096.4	899.3	899.3	2096.4	0	0	HSH	1.088	1197.1	2.331146447	0.428973478
1394.3	2873.9	1139.6	1139.6	2873.9	0	0	HSQ	0.289	1734.3	2.521849772	0.396534326
3762.9	3931	3699.7	3699.7	3699.7	0	0	BW	0.38	231.3	1.062518583	1
3122.3	3402.4	3022.5	3402.4	3022.5	0	0	BW	0.25	379.9	1.125690653	1.125690653
3849.1	4079.6	3774.8	3774.8	4079.6	0	0	BW	0.223	304.8	1.080746	0.925286793
2896.2	3369.4	2857.4	3369.4	2857.4	0	0	BW	0.21	512	1.179183873	1.179183873
3310.7	3611.3	3253.8	3611.3	3253.8	0	0	BW	0.21	357.5	1.109871535	1.109871535
899	1027.8	753.3	753.3	969	3	0	MM	1.494	274.5	1.364396655	0.777399381
312.2	642.3	64.2	64.2	642.3	0	0	BA	0.542	578.1	10.0046729	0.099953293
333.8	426.3	303.7	303.7	303.7	0	0	MM	2.503	122.6	1.40368785	1
102.3	157.7	65.7	88	157.7	0	0	LBA	3.08	92	2.400304414	0.55802156
387.6	426.3	346	384	426.3	3	0	MM	1.705	80.3	1.232080925	0.900774103
269.2	417.5	77.4	77.4	417.5	0	0	BA	0.76	340.1	5.394056848	0.185389222
393	432.1	327	378	432.1	2	0	BA	1.427	105.1	1.321406728	0.874797501
204.6	419	49.5	49.5	419	0	0	BA	0.828	369.5	8.464646465	0.118138425
70	140.1	30.7	140.1	30.7	0	0	GR	0.464	109.4	4.563517915	4.563517915
91.5	132.8	32.1	132.8	32.1	0	0	GR	0.426	100.7	4.137071651	4.137071651
102.3	137.2	24.8	137.2	24.8	0	0	GR	0.436	112.4	5.532258065	5.532258065
86.1	134.3	30.7	134.3	30.7	0	0	GR	0.38	103.6	4.374592834	4.374592834
91.5	132.8	35	132.8	35	0	0	GR	0.389	97.8	3.794285714	3.794285714
107.7	124.1	39.4	124.1	39.4	0	0	GR	0.342	84.7	3.149746193	3.149746193
86.1	134.3	48.2	134.3	48.2	0	0	GR	0.408	86.1	2.786307054	2.786307054
102.3	137.2	45.3	137.2	45.3	0	0	GR	0.408	91.9	3.028697572	3.028697572
91.5	137.2	46.7	137.2	45.3	0	0	GR	0.519	90.5	2.937901499	3.028697572
409.1	466.8	349	392	440	3	0	MM	2.325	117.8	1.337535817	0.890909091
199.2	455.5	63.5	63.5	455.5	0	0	BA	1.489	392	7.173228346	0.139407245
339.1	403.9	309.9	338	403.9	3	0	MM	2.194	94	1.303323653	0.836840802
102.3	181.6	70.5	105	181.6	0	0	LBA	3.422	111.1	2.575886525	0.578193833
403.7	444.5	369.7	369.7	408	1	0	MM	2.404	74.8	1.20232621	0.906127451
156.1	284.2	115.4	115.4	115.4	0	0	LGO	4.885	168.8	2.462738302	1
393	448.8	376.1	406	427	3	0	MM	2.194	72.7	1.193299654	0.950819672
489.9	946.7	192.3	506	506	0	18	RA	0.463	754.4	4.923036921	1
495.3	957.4	198.7	495	495	0	14	RA	0.259	758.7	4.818319074	1
387.6	948.8	198.7	387	387	0	15	RA	0.301	750.1	4.775037745	1
430.7	946.7	188.1	430	430	0	12	RA	0.261	758.6	5.032961191	1
398.4	953.1	194.5	398	398	0	12	RA	0.285	758.6	4.900257069	1
500.6	929.6	190.2	495	495	0	14	RA	0.445	739.4	4.887486856	1
484.5	940.3	190.2	495	495	0	14	RA	0.424	750.1	4.943743428	1
495.3	933.9	200.9	495	495	0	16	RA	0.575	733	4.648581384	1
500.6	927.5	192.3	495	495	0	20	RA	0.171	735.2	4.823192928	1
269.2	912.5	192.3	495	495	0	12	RA	0.289	720.2	4.745189808	1
269.2	929.6	198.7	484	484	0	14	RA	0.57	730.9	4.678409663	1
226.1	946.7	209.4	484	484	0	12	RA	0.473	737.3	4.521012416	1
495.3	927.5	205.2	495	495	0	15	RA	0.197	722.3	4.519980507	1
495.3	897.5	203	495	495	0	10	RA	0.158	694.5	4.421182266	1
500.6	904	211.6	495	495	0	15	RA	0.195	692.4	4.27221172	1
500.6	878.3	209.4	495	495	0	10	RA	0.149	668.9	4.194364852	1
640.6	795	427.4	518	573	1	0	HMM	1.072	367.6	1.86008423	0.904013962
1098.2	2624.3	1042.9	1042.9	2624.3	0	0	HSH	1.332	1581.4	2.516348643	0.397401212
2767	2983.3	2632.8	2632.8	2983.3	0	0	BW	0.31	350.5	1.133128229	0.882512654
2793.9	3504.7	2624.3	2624.3	3504.7	0	0	BW	0.173	880.4	1.335479938	0.748794476
2847.8	3376.5	2684.1	2847	2847	0	0	BW	0.145	692.4	1.257963563	1
2745.5	3161.4	2641.4	3077	3161.4	0	0	BW	0.191	520	1.196865299	0.973302967
2993.1	3427.8	2889.3	2889.3	3427.8	0	0	BW	0.178	538.5	1.186377323	0.842902153
2907	3325.2	2838	2838	3325.2	0	0	BW	0.131	487.2	1.17167019	0.853482497
430.7	495.3	304.5	304.5	495.3	2	0	MM	1.393	190.8	1.626600985	0.614778922
172.3	344.5	43.1	43.1	344.5	0	0	BA	1.201	301.4	7.993039443	0.125108853
430.7	436.8	359.9	359.9	436.8	2	0	MM	1.958	76.9	1.213670464	0.823946886
86.1	246.1	70.8	70.8	246.1	0	0	LBA	2.697	175.3	3.475988701	0.287687932
430.7	430.7	367.6	367.6	385	1	0	MM	1.942	63.1	1.171653972	0.954805195
258.4	330.6	124	258	258	0	0	LGO	4.508	206.6	2.666129032	1
344.5	450.6	321.3	370	384	3	0	MM	2.401	129.3	1.402427638	0.963541667
344.5	543.1	61.1	61.1	543.1	0	0	BA	2.088	482	8.888707038	0.112502302
344.5	422.6	309.1	339	422.6	4	0	MM	2.235	113.5	1.367195082	0.802177
86.1	124	54.1	80	124	0	0	LBA	3.879	69.9	2.292051756	0.64516129
344.5	423.6	329.7	382	394	5	0	MM	2.482	93.9	1.284804368	0.969543147
172.3	261.8	137.1	172	172	0	0	LGO	4.415	124.7	1.909555069	1
430.7	488.1	345.2	345.2	408	2	0	MM	1.884	142.9	1.41396292	0.846078431
129.2	349.4	54.7	54.7	349.4	0	0	BA	1.607	294.7	6.387568556	0.156554093
86.1	311.5	54.7	93	311.5	0	0	LBA	4.65	256.8	5.694698355	0.298555377
344.5	416.7	282	282	416.7	1	0	MM	2.333	134.7	1.477659574	0.67674586
344.5	385.2	342.3	364	385.2	0	0	MM	1.628	42.9	1.125328659	0.944963655
473.7	732.2	125	473	473	0	18	RA	0.357	607.2	5.8576	1
473.7	729.2	122	473	473	0	24	RA	0.314	607.2	5.97704918	1
473.7	720.3	136.9	473	473	0	18	RA	0.516	583.4	5.261504748	1
473.7	732.2	122	473	473	0	24	RA	0.514	610.2	6.001639344	1
473.7	858.7	107.2	473	473	0	20	RA	0.544	751.5	8.010261194	1
387.6	841.6	125	387	387	0	20	RA	0.56	716.6	6.7328	1
129.2	800.6	119.1	473	473	0	14	RA	1.144	681.5	6.722082284	1
473.7	817.7	136.9	473	473	0	14	RA	0.744	680.8	5.972972973	1
473.7	817.7	133.9	473	473	0	24	RA	0.636	683.8	6.106796117	1
387.6	797.1	128	387	387	0	18	RA	0.703	669.1	6.22734375	1
602.9	855.3	113.1	602	602	0	15	RA	0.356	742.2	7.562334218	1
387.6	845	116.1	387	387	0	14	RA	0.504	728.9	7.278208441	1
387.6	753.1	122	387	387	0	12	RA	0.469	631.1	6.17295082	1
387.6	756	131	387	387	0	10	RA	0.731	625	5.770992366	1
344.5	869	131	344	344	0	12	RA	0.692	738	6.633587786	1
646	815.6	386.9	537	386.9	1	0	HMM	0.756	428.7	2.108038253	1.387955544
1205.9	2530	1041.8	1041.8	2530	0	0	HSH	1.372	1488.2	2.428489153	0.411778656
2196.4	2518.1	1160.8	1160.8	2518.1	0	0	HSQ	0.313	1357.3	2.169279807	0.460982487
2196.4	2470.5	1107.3	1107.3	2470.5	0	0	HSQ	0.235	1363.2	2.231102682	0.448208865
2239.5	2351.4	1113.2	1113.2	2351.4	0	0	HSQ	0.275	1238.2	2.112288897	0.47342009
1679.6	2405	1232.3	1232.3	2405	0	0	HSQ	0.314	1172.7	1.951635154	0.512390852
3316.1	3809.9	3214.6	3809.9	3214.6	0	0	BW	0.143	595.3	1.185186337	1.185186337
3014.6	3595.6	2893.2	3595.6	2893.2	0	0	BW	0.117	702.4	1.242776165	1.242776165
3057.7	3417	2988.4	3417	2988.4	0	0	BW	0.131	428.6	1.143421229	1.143421229
3057.7	3417	2964.6	3417	2964.6	0	0	BW	0.183	452.4	1.152600688	1.152600688
3359.2	3428.9	3178.9	3178.9	3428.9	0	0	BW	0.13	250	1.078643556	0.927090321
430.7	526.2	345.2	345.2	497	1	0	MM	2.383	181	1.52433372	0.694567404
344.5	429.4	50.5	50.5	429.4	0	0	BA	0.868	378.9	8.502970297	0.117605962
473.7	488.3	353.6	353.6	404	1	0	MM	1.81	134.7	1.380938914	0.875247525
172.3	564.1	58.9	58.9	564.1	0	0	BA	1.109	505.2	9.577249576	0.104414111
129.2	248.4	42.1	248.4	42.1	0	0	GR	0.387	206.3	5.90023753	5.90023753
129.2	261	54.7	261	54.7	0	0	GR	0.407	206.3	4.771480804	4.771480804
86.1	235.7	42.1	235.7	42.1	0	0	GR	0.425	193.6	5.598574822	5.598574822
172.3	244.1	33.7	244.1	33.7	0	0	GR	0.443	210.4	7.243323442	7.243323442
43.1	244.1	33.7	244.1	33.7	0	0	GR	0.407	210.4	7.243323442	7.243323442
215.3	244.1	37.9	244.1	37.9	0	0	GR	0.48	206.2	6.440633245	6.440633245
215.3	239.9	37.9	239.9	37.9	0	0	GR	0.498	202	6.329815303	6.329815303
172.3	239.9	46.3	239.9	46.3	0	0	GR	0.461	193.6	5.181425486	5.181425486
129.2	252.6	58.9	252.6	58.9	0	0	GR	0.388	193.7	4.288624788	4.288624788
215.3	248.4	46.3	248.4	46.3	0	0	GR	0.388	202.1	5.365010799	5.365010799
393	471.1	295.5	295.5	471.1	2	0	MM	1.562	175.6	1.594247039	0.62725536
161.5	553	81.9	81.9	553	0	0	BA	0.941	471.1	6.752136752	0.148101266
358	465.2	327.7	327.7	430	3	0	MM	2.064	137.5	1.419591089	0.762093023
191.1	222.4	67.3	82	222.4	0	0	LBA	2.704	155.1	3.304606241	0.368705036
376.8	436	313.1	339	401	1	0	MM	1.933	122.9	1.392526349	0.845386534
166.9	254.6	108.3	217	173	0	0	LGO	5.355	146.3	2.350877193	1.25433526
557.2	696.4	374.5	451	521	4	0	HMM	2.325	321.9	1.859546061	0.865642994
538.3	667.1	395	489	667.1	3	0	HMM	1.424	272.1	1.688860759	0.733023535
371.4	1108.9	87.8	516	516	0	28	RA	0.536	1021.1	12.62984055	1
508.7	1085.5	275	516	516	0	22	RA	0.516	810.5	3.947272727	1
530.3	1003.6	225.3	516	516	0	18	RA	0.57	778.3	4.454505104	1
532.9	1302.1	163.9	538	538	0	16	RA	0.427	1138.2	7.94447834	1
492.6	1313.8	152.1	516	516	0	24	RA	0.591	1161.7	8.63773833	1
506	1305	143.4	516	516	0	18	RA	0.413	1161.6	9.10041841	1
506	1328.4	137.5	495	495	0	18	RA	0.41	1190.9	9.661090909	1
492.6	1299.1	146.3	495	495	0	15	RA	0.935	1152.8	8.879699248	1
489.9	1313.8	146.3	495	495	0	16	RA	0.471	1167.5	8.980177717	1
489.9	1322.5	114.1	495	495	0	16	RA	0.848	1208.4	11.5907099	1
484.5	1325.5	96.6	495	495	0	23	RA	0.566	1228.9	13.72153209	1
479.1	1319.6	90.7	452	452	0	18	RA	0.452	1228.9	14.54906284	1
376.8	430.1	313.1	313.1	421	2	0	MM	2.143	117	1.37368253	0.743705463
96.9	456.4	61.4	61.4	456.4	0	0	BA	0.993	395	7.433224756	0.134531113
468.3	517.9	283.8	334	401	4	0	MM	2.169	234.1	1.824876674	0.832917706
158.8	386.2	61.4	61.4	386.2	0	0	BA	1.085	324.8	6.28990228	0.158984982
183	245.8	14.6	245.8	14.6	0	0	GR	0.457	231.2	16.83561644	16.83561644
123.8	292.6	26.3	292.6	26.3	0	0	GR	0.418	266.3	11.12547529	11.12547529
169.6	269.2	20.5	269.2	20.5	0	0	GR	0.484	248.7	13.13170732	13.13170732
169.6	283.8	38	283.8	38	0	0	GR	0.496	245.8	7.468421053	7.468421053
164.2	269.2	32.2	269.2	32.2	0	0	GR	0.444	237	8.360248447	8.360248447
158.8	263.3	32.2	263.3	32.2	0	0	GR	0.457	231.1	8.177018634	8.177018634
164.2	248.7	35.1	248.7	35.1	0	0	GR	0.418	213.6	7.085470085	7.085470085
121.1	239.9	14.6	239.9	14.6	0	0	GR	0.418	225.3	16.43150685	16.43150685
121.1	245.8	23.4	245.8	23.4	0	0	GR	0.47	222.4	10.5042735	10.5042735
344.5	409.1	274.5	312	388	2	0	MM	1.765	134.6	1.490346084	0.804123711
129.2	452.2	67.3	67.3	452.2	0	0	BA	2.143	384.9	6.719167905	0.148827952
366.1	387.6	290.7	290.7	363	2	0	MM	2.125	96.9	1.333333333	0.800826446
107.7	164.2	61.9	100	164.2	0	0	LBA	4.378	102.3	2.65266559	0.609013398
366.1	395.7	312.2	328	312.2	2	0	MM	2.918	83.5	1.267456758	1.050608584
236.9	347.2	161.5	161.5	258	0	0	LGO	4.433	185.7	2.149845201	0.625968992
409.1	436	293.4	326	412	3	0	MM	1.958	142.6	1.486025903	0.791262136
150.7	492.6	51.1	51.1	492.6	0	0	BA	0.868	441.5	9.639921722	0.103735282
409.1	449.5	282.6	361	412	4	0	MM	1.699	166.9	1.590587403	0.876213592
150.7	355.3	45.8	45.8	355.3	0	0	BA	0.979	309.5	7.757641921	0.128905151
129.2	220.7	29.6	220.7	29.6	0	0	GR	0.61	191.1	7.456081081	7.456081081
150.7	212.6	37.7	212.6	37.7	0	0	GR	0.481	174.9	5.639257294	5.639257294
150.7	212.6	48.4	212.6	48.4	0	0	GR	0.406	164.2	4.392561983	4.392561983
172.3	196.5	29.6	196.5	29.6	0	0	GR	0.498	166.9	6.638513514	6.638513514
172.3	199.2	35	199.2	35	0	0	GR	0.48	164.2	5.691428571	5.691428571
150.7	191.1	26.9	191.1	26.9	0	0	GR	0.406	164.2	7.104089219	7.104089219
150.7	196.5	32.3	196.5	32.3	0	0	GR	0.536	164.2	6.083591331	6.083591331
172.3	201.9	29.6	201.9	29.6	0	0	GR	0.535	172.3	6.820945946	6.820945946
172.3	215.3	32.3	215.3	32.3	0	0	GR	0.554	183	6.665634675	6.665634675
473.7	559.6	403.5	487	403.5	4	0	MM	2.531	156.1	1.386864932	1.206939281
473.7	586.2	430.1	468	483	2	0	MM	1.533	156.1	1.362938851	0.968944099
215.3	685.2	186.5	215	215	0	18	RA	0.406	498.7	3.673994638	1
215.3	624.3	194.1	215	215	0	18	RA	0.328	430.2	3.216383308	1
236.9	620.5	190.3	236	236	0	15	RA	0.353	430.2	3.260641093	1
409.1	704.9	178.9	409	409	0	24	RA	0.387	526	3.94019005	1
430.7	612.9	186.5	430	430	0	20	RA	0.25	426.4	3.286327078	1
236.9	616.7	178.9	236	236	0	12	RA	0.165	437.8	3.447177194	1
559.9	665.9	197.9	559	559	0	16	RA	0.245	468	3.364830723	1
430.7	711.4	186.5	430	430	0	20	RA	0.53	524.9	3.814477212	1
236.9	721.1	182.7	236	236	0	12	RA	0.23	538.4	3.946907499	1
258.4	682.1	186.5	256	256	0	15	RA	0.302	495.6	3.657372654	1
236.9	685.4	197.9	236	236	0	16	RA	0.511	487.5	3.463365336	1
129.2	403.1	66.4	66.4	403.1	0	0	BA	1.016	336.7	6.070783133	0.164723394
387.6	451.8	332.2	413	401	6	0	MM	2.476	119.6	1.360024082	1.029925187
172.3	212.6	70.9	106	212.6	0	0	LBA	3.509	141.7	2.998589563	0.498588899
387.6	425.2	332.2	332.2	395	2	0	MM	2.217	93	1.279951836	0.841012658
387.6	423	345.5	395	423	3	0	MM	1.958	77.5	1.22431259	0.933806147
215.3	276.8	157.2	238	207	0	0	LGO	4.101	119.6	1.760814249	1.149758454
387.6	427.4	338.9	382	427.4	2	0	MM	2.05	88.5	1.261138979	0.893776322
129.2	591.3	110.7	172	172	0	14	RA	0.517	480.6	5.341463415	1
473.7	580.3	135.1	430	430	0	14	RA	0.535	445.2	4.295336788	1
559.9	659.6	203.8	559	559	0	14	RA	0.573	455.8	3.236506379	1
559.9	645	219.3	559	559	0	18	RA	0.751	425.7	2.941176471	1
301.5	653.7	217	301	301	0	14	RA	0.444	436.7	3.012442396	1
430.7	665.4	214.8	430	430	0	14	RA	0.481	450.6	3.097765363	1
473.7	662.5	217	387	387	0	12	RA	0.399	445.5	3.052995392	1
516.8	662.5	219.3	559	559	0	14	RA	0.519	443.2	3.020975832	1
559.9	613.5	223.7	559	559	0	14	RA	0.471	389.8	2.742512293	1
516.8	613.5	221.5	559	559	0	16	RA	0.61	392	2.769751693	1
559.9	613.5	214.8	559	559	0	12	RA	0.407	398.7	2.856145251	1
602.9	833.1	432.2	476	432.2	1	0	HMM	0.993	400.9	1.927579824	1.101341971
1119.7	2236.3	1077.4	1077.4	2236.3	0	0	HSH	1.384	1158.9	2.075645071	0.481777937
1851.9	2436.8	1791.6	1791.6	2436.8	0	0	HSQ	0.261	645.2	1.360125028	0.735226527
1938	2449.3	1754	1754	2449.3	0	0	HSQ	0.235	695.3	1.39640821	0.716122974
2627.1	2719.7	2257.1	2719.7	2257.1	0	0	BW	0.142	462.6	1.204953259	1.204953259
2454.8	2604.5	2321	2321	2604.5	0	0	BW	0.157	283.5	1.122145627	0.891149933
2928.5	2985.5	2667.9	2893	2985.5	1	0	BW	0.274	317.6	1.119044942	0.969016915
2885.4	3056.3	2746.3	3056.3	2746.3	0	0	BW	0.118	310	1.112879146	1.112879146
2627.1	2675.4	2391.9	2627	2627	0	0	BW	0.12	283.5	1.118525022	1
430.7	479.2	332	332	479.2	3	0	MM	1.902	147.2	1.443373494	0.692821369
215.3	469.8	59.5	59.5	469.8	0	0	BA	0.979	410.3	7.895798319	0.126649638
430.7	494.9	306.9	306.9	445	4	0	MM	1.828	188	1.612577387	0.689662921
215.3	413.4	72	72	413.4	0	0	BA	0.905	341.4	5.741666667	0.174165457
172.3	241.2	94	241.2	94	0	0	GR	0.499	147.2	2.565957447	2.565957447
172.3	256.8	106.5	256.8	106.5	0	0	GR	0.351	150.3	2.411267606	2.411267606
172.3	260	90.8	260	90.8	0	0	GR	0.407	169.2	2.863436123	2.863436123
172.3	260	37.6	260	37.6	0	0	GR	0.499	222.4	6.914893617	6.914893617
215.3	260	97.1	260	97.1	0	0	GR	0.388	162.9	2.677651905	2.677651905
172.3	263.1	50.1	263.1	50.1	0	0	GR	0.462	213	5.251497006	5.251497006
129.2	269.4	50.1	269.4	50.1	0	0	GR	0.498	219.3	5.377245509	5.377245509
129.2	225.5	25.1	225.5	25.1	0	0	GR	0.61	200.4	8.984063745	8.984063745
129.2	238	31.3	238	31.3	0	0	GR	0.535	206.7	7.603833866	7.603833866
172.3	228.6	31.3	228.6	31.3	0	0	GR	0.684	197.3	7.303514377	7.303514377
414.5	459.9	317.5	317.5	412	3	0	MM	2.18	142.4	1.448503937	0.770631068
215.3	549.7	56.9	56.9	549.7	0	0	BA	1.626	492.8	9.660808436	0.103511006
349.9	405.1	302.2	344	405.1	3	0	MM	2.623	102.9	1.340502978	0.849173044
91.5	116.1	43.8	81	116.1	0	0	LBA	3.916	72.3	2.650684932	0.697674419
387.6	413.9	339.4	339.4	413.9	2	0	MM	2.475	74.5	1.219505009	0.820004832
215.3	267.2	153.3	220	220	0	0	LGO	3.584	113.9	1.742987606	1
748.3	814.6	376.7	473	526	1	0	HMM	1.108	438	2.162463499	0.899239544
1609.6	2251.2	1033.6	1033.6	2251.2	0	0	HSH	1.349	1217.6	2.178018576	0.459132907
1060.5	2908.1	1033.6	1033.6	2908.1	0	0	HSQ	0.342	1874.5	2.813564241	0.355421065
1065.9	2855.6	1024.8	1024.8	2855.6	0	0	HSQ	0.379	1830.8	2.786494926	0.358873792
3046.9	3512.5	3004.5	3004.5	3512.5	0	0	BW	0.189	508	1.169079714	0.855373665
2977	3591.3	2513.9	3407	3591.3	1	0	BW	0.457	1077.4	1.428577111	0.948681536
2670.1	3205.9	2365	3205.9	2891	1	0	BW	0.483	840.9	1.355560254	1.108924248
2960.8	3179.7	2487.7	2487.7	3179.7	0	0	BW	0.287	692	1.278168589	0.782369406
2750.9	3065.8	2627.8	2750	2750	0	0	BW	0.229	438	1.166679352	1
